/*--------------------------------*- C++ -*----------------------------------*\
  =========                 |
  \\      /  F ield         | OpenFOAM: The Open Source CFD Toolbox
   \\    /   O peration     | Website:  https://openfoam.org
    \\  /    A nd           | Version:  13
     \\/     M anipulation  |
\*---------------------------------------------------------------------------*/
FoamFile
{
    format      ascii;
    class       volScalarField;
    location    "0.001";
    object      mag(U);
}
// * * * * * * * * * * * * * * * * * * * * * * * * * * * * * * * * * * * * * //

dimensions      [0 1 -1 0 0 0 0];

internalField   nonuniform List<scalar> 
12225
(
9.88358
9.68311
9.45992
9.22633
9.00888
8.81741
8.6504
8.5077
8.38503
8.28114
8.19113
8.11322
8.04391
7.98167
7.92305
7.86943
7.79696
7.78181
10.0699
10.1358
10.1242
10.0835
10.0388
9.99142
9.93902
9.88071
9.81978
9.7574
9.69594
9.6357
9.57775
9.52222
9.46844
9.41946
9.3657
9.34136
10.0043
10.0323
10.0586
10.0723
10.078
10.0778
10.0717
10.0599
10.0442
10.0252
10.0041
9.98119
9.95711
9.9322
9.90639
9.88105
9.8543
9.83326
9.99799
10.0119
10.0366
10.0539
10.0655
10.074
10.0796
10.082
10.0819
10.0798
10.0761
10.0709
10.0646
10.0574
10.0491
10.0408
10.0323
10.0265
9.99933
10.0093
10.028
10.0424
10.0532
10.0632
10.0717
10.0781
10.0828
10.0861
10.0884
10.0897
10.09
10.0898
10.089
10.0881
10.0877
10.0893
10.0003
10.0083
10.0228
10.0351
10.0452
10.0548
10.0636
10.071
10.0772
10.0824
10.0867
10.0904
10.0934
10.0959
10.0982
10.1006
10.1036
10.1081
10.0004
10.0071
10.0191
10.0302
10.0395
10.0485
10.0569
10.0644
10.0709
10.0767
10.0819
10.0865
10.0906
10.0945
10.0981
10.102
10.1066
10.1122
10.0004
10.0059
10.0161
10.0262
10.035
10.0433
10.0513
10.0586
10.0651
10.0711
10.0765
10.0815
10.0862
10.0907
10.0951
10.0997
10.1048
10.1107
10.0004
10.005
10.0136
10.0228
10.031
10.0388
10.0464
10.0534
10.0599
10.0658
10.0713
10.0765
10.0814
10.0862
10.0909
10.0959
10.1012
10.1071
10.0004
10.0043
10.0115
10.0198
10.0275
10.0349
10.042
10.0488
10.055
10.0609
10.0664
10.0716
10.0767
10.0816
10.0865
10.0916
10.0969
10.1026
10.0003
10.0036
10.0098
10.0171
10.0244
10.0313
10.0381
10.0445
10.0506
10.0564
10.0618
10.0671
10.0721
10.0771
10.0821
10.0871
10.0923
10.0978
10.0003
10.0031
10.0085
10.0151
10.0217
10.0284
10.0348
10.041
10.0469
10.0526
10.058
10.0631
10.0682
10.0732
10.0781
10.0831
10.0881
10.0933
10.0003
10.0027
10.0074
10.0133
10.0195
10.0257
10.0318
10.0378
10.0436
10.0491
10.0544
10.0595
10.0645
10.0694
10.0743
10.0792
10.084
10.0889
10.0002
10.0024
10.0064
10.0117
10.0173
10.0231
10.0288
10.0345
10.04
10.0454
10.0506
10.0556
10.0605
10.0654
10.0701
10.0748
10.0794
10.084
10.0002
10.002
10.0055
10.0101
10.0152
10.0206
10.026
10.0313
10.0366
10.0418
10.0468
10.0518
10.0565
10.0612
10.0658
10.0703
10.0747
10.079
10.0002
10.0017
10.0047
10.0087
10.0134
10.0183
10.0233
10.0284
10.0334
10.0384
10.0432
10.048
10.0526
10.0571
10.0615
10.0658
10.0699
10.0739
10.0002
10.0015
10.0041
10.0076
10.0118
10.0163
10.021
10.0258
10.0306
10.0353
10.04
10.0445
10.049
10.0533
10.0575
10.0615
10.0654
10.0691
10.0001
10.0013
10.0036
10.0069
10.0107
10.015
10.0194
10.0239
10.0285
10.033
10.0374
10.0418
10.046
10.0501
10.0541
10.0579
10.0616
10.065
10.0001
10.0013
10.0035
10.0066
10.0103
10.0144
10.0187
10.0231
10.0275
10.0319
10.0362
10.0404
10.0444
10.0484
10.0521
10.0557
10.0592
10.0625
10.0001
10.0013
10.0037
10.007
10.0109
10.0152
10.0195
10.024
10.0284
10.0328
10.0371
10.0412
10.0452
10.049
10.0527
10.0562
10.0595
10.0627
10.0002
10.0015
10.0041
10.0078
10.0121
10.0166
10.0212
10.0258
10.0304
10.0348
10.0391
10.0433
10.0473
10.051
10.0547
10.0581
10.0614
10.0645
10.0002
10.0017
10.0047
10.009
10.0138
10.0187
10.0236
10.0284
10.0332
10.0378
10.0421
10.0463
10.0503
10.0541
10.0577
10.0611
10.0644
10.0674
10.0002
10.0018
10.0055
10.0106
10.016
10.0213
10.0265
10.0317
10.0366
10.0413
10.0458
10.05
10.0541
10.0579
10.0615
10.0649
10.0681
10.0711
10.0001
10.0018
10.0063
10.0123
10.0184
10.0242
10.0299
10.0353
10.0405
10.0453
10.0499
10.0542
10.0584
10.0622
10.0658
10.0692
10.0724
10.0753
9.9999
10.0016
10.0073
10.0143
10.0208
10.0271
10.0335
10.0395
10.045
10.0501
10.0548
10.0592
10.0632
10.067
10.0704
10.0736
10.0766
10.0793
9.99859
9.99916
10.0078
10.017
10.0243
10.0312
10.0383
10.0449
10.0507
10.0558
10.0604
10.0645
10.0681
10.0713
10.0741
10.0766
10.0787
10.0806
9.99496
9.99336
10.0071
10.0216
10.0319
10.0404
10.0477
10.0538
10.0586
10.0624
10.0654
10.0675
10.0689
10.0698
10.0701
10.07
10.0695
10.0687
9.99482
10.0001
10.0166
10.0327
10.0454
10.0548
10.0604
10.0625
10.062
10.0594
10.0552
10.0498
10.0435
10.0365
10.029
10.021
10.0129
10.0047
10.0407
10.091
10.0935
10.0777
10.0632
10.0496
10.0323
10.0107
9.98601
9.95949
9.93199
9.90407
9.87624
9.84883
9.82208
9.79613
9.7712
9.74732
9.94686
9.87455
9.76462
9.62624
9.48658
9.35883
9.24487
9.14355
9.05393
8.97493
8.90496
8.84271
8.78696
8.7368
8.69133
8.64994
8.61171
8.57631
0.0217628
0.0416396
0.0544099
0.0665233
0.0745831
0.0775828
0.0758277
0.0697391
0.060311
0.0501844
0.036814
0.0157435
0.00884499
0.0247864
0.0459008
0.0710711
0.0973092
0.125091
0.162249
0.204478
0.249841
0.298043
0.349075
0.403639
0.460793
0.518683
0.578165
0.638834
0.700324
0.762204
0.824057
0.885487
0.946146
1.00574
1.06403
1.12084
1.17601
1.22947
1.28118
1.33111
1.37931
1.4258
1.47065
1.51394
1.55573
1.59611
1.63515
1.67294
1.70957
1.7451
1.7796
1.81316
1.84583
1.87767
1.90874
1.9391
1.9688
1.99788
2.0264
2.0544
2.08193
2.10901
2.1357
2.16205
2.18809
2.21387
2.23943
2.26483
2.2901
2.31529
2.34046
2.36567
2.39094
2.41635
2.44196
2.46781
2.49394
2.52041
2.54726
2.57453
2.60224
2.63041
2.65904
2.68814
2.7176
2.74742
2.77769
2.80857
2.83966
2.87082
2.90232
2.93404
2.96573
2.99725
3.02842
3.05902
3.08886
3.11772
3.14531
3.17135
3.19556
3.21759
3.23701
3.25333
3.26582
3.27382
3.2778
3.2785
3.27489
3.26704
3.25447
3.23745
3.21546
3.18822
3.15559
3.11715
3.07291
3.02304
2.96698
2.90485
2.8367
2.76254
2.68241
2.59634
2.5044
2.40682
2.30384
2.19579
2.08303
1.96594
1.84496
1.72055
1.59322
1.46346
1.33181
1.19876
1.06484
0.930545
0.796389
0.662902
0.530737
0.400833
0.275079
0.159481
0.0928835
0.162621
0.278334
0.398703
0.517335
0.632596
0.74387
0.850918
0.953678
1.05216
1.14638
1.23648
1.32259
1.40482
1.48329
1.55814
1.62951
1.69755
1.76239
1.82417
1.883
1.939
1.99229
2.04295
2.09106
2.1367
2.17985
2.2205
2.25849
2.29354
2.32516
2.35187
2.37311
2.37765
2.36859
2.25394
0.0671169
0.0712926
0.0599073
0.0504227
0.0419462
0.0349313
0.0308554
0.0313102
0.0375375
0.0497816
0.0683849
0.0910701
0.119775
0.153875
0.191635
0.232448
0.276539
0.324221
0.37519
0.427719
0.481224
0.536153
0.59264
0.650688
0.70974
0.768942
0.827987
0.886434
0.943932
1.00022
1.05512
1.10849
1.16026
1.21037
1.25883
1.30565
1.35084
1.39447
1.43659
1.47728
1.51658
1.55458
1.59137
1.62701
1.66155
1.69509
1.72767
1.75937
1.79024
1.82034
1.84971
1.87842
1.9065
1.934
1.96098
1.98746
2.01349
2.03909
2.06432
2.08921
2.11379
2.13809
2.16216
2.18603
2.20974
2.23332
2.2568
2.28025
2.30367
2.32711
2.35062
2.37422
2.39796
2.42187
2.44597
2.47031
2.49491
2.51978
2.54492
2.57035
2.59606
2.62203
2.64825
2.67469
2.70139
2.72827
2.75525
2.78218
2.80898
2.83563
2.86195
2.88785
2.9132
2.93781
2.96151
2.98412
3.00542
3.02524
3.04336
3.05958
3.07373
3.08564
3.0952
3.10231
3.10708
3.10961
3.10925
3.10501
3.09692
3.08458
3.06788
3.04626
3.01948
2.98761
2.95026
2.90732
2.85856
2.80364
2.74271
2.67574
2.60254
2.52324
2.43786
2.34642
2.24902
2.14589
2.0373
1.92357
1.80509
1.68229
1.55565
1.42567
1.29292
1.15795
1.0214
0.883896
0.746175
0.609126
0.474045
0.343432
0.224474
0.145645
0.173292
0.273961
0.39079
0.509425
0.626995
0.742523
0.855264
0.964774
1.07078
1.17313
1.27174
1.3666
1.45772
1.54518
1.62902
1.70931
1.78616
1.85968
1.92999
1.99723
2.06147
2.12285
2.18146
2.23743
2.29084
2.34177
2.3903
2.43649
2.48032
2.52178
2.56072
2.59689
2.62985
2.65865
2.68234
2.69794
2.7135
2.70166
0.0956935
0.0785406
0.0507586
0.0256504
0.00574105
0.024843
0.0492186
0.0744476
0.100918
0.129111
0.159359
0.191609
0.226776
0.265118
0.306328
0.34996
0.396134
0.444876
0.495289
0.546276
0.597018
0.647556
0.698228
0.748752
0.798782
0.84821
0.896892
0.944636
0.991325
1.03691
1.08136
1.12469
1.16691
1.20805
1.24813
1.28718
1.32522
1.36227
1.39835
1.43351
1.46776
1.50111
1.53361
1.56529
1.59616
1.62626
1.65564
1.68432
1.71234
1.73971
1.76649
1.7927
1.81838
1.84355
1.86825
1.89251
1.91637
1.93985
1.96298
1.98578
2.0083
2.03056
2.05259
2.07441
2.09606
2.11758
2.13899
2.16032
2.18161
2.20289
2.22418
2.24553
2.26695
2.28849
2.31017
2.332
2.35402
2.37622
2.39864
2.42126
2.4441
2.46713
2.49035
2.51376
2.53731
2.56097
2.58464
2.60825
2.63173
2.65501
2.67797
2.70057
2.72268
2.74415
2.76484
2.7846
2.80327
2.82067
2.83664
2.851
2.86358
2.8742
2.88267
2.88883
2.89244
2.89324
2.89072
2.88451
2.87447
2.86025
2.8417
2.8183
2.78999
2.75657
2.71781
2.67346
2.62338
2.56734
2.50541
2.43739
2.36329
2.28317
2.19706
2.10501
2.00715
1.90374
1.79505
1.68146
1.56337
1.4413
1.31575
1.18737
1.05682
0.9249
0.79257
0.661116
0.532534
0.410557
0.30373
0.233277
0.233485
0.302017
0.403036
0.515409
0.630725
0.745635
0.858862
0.969766
1.07788
1.18287
1.2845
1.38268
1.47732
1.56838
1.65591
1.73992
1.82049
1.89767
1.97159
2.04236
2.11008
2.17487
2.23681
2.29603
2.35264
2.40673
2.45838
2.5077
2.55475
2.59957
2.64217
2.68251
2.7205
2.75593
2.78842
2.81731
2.84202
2.86033
2.87712
2.88171
0.0986581
0.0680684
0.0391448
0.0316732
0.0515325
0.0799118
0.110558
0.142433
0.175436
0.209615
0.244986
0.281597
0.319763
0.359648
0.401151
0.44401
0.488059
0.533044
0.578494
0.623896
0.668835
0.713074
0.756472
0.798897
0.840281
0.880651
0.920057
0.958554
0.9962
1.03305
1.06917
1.1046
1.13939
1.17355
1.20711
1.24007
1.27245
1.30424
1.33544
1.36603
1.39601
1.42537
1.45413
1.48228
1.50982
1.53676
1.56311
1.58891
1.61415
1.63884
1.66302
1.68672
1.70993
1.73269
1.75502
1.77696
1.7985
1.8197
1.84055
1.8611
1.88136
1.90135
1.92112
1.94067
1.96005
1.97927
1.99837
2.01737
2.0363
2.05518
2.07406
2.09295
2.1119
2.13091
2.15002
2.16926
2.18863
2.20818
2.22788
2.24775
2.26782
2.28805
2.30845
2.32901
2.3497
2.37048
2.39128
2.41205
2.4327
2.45317
2.4734
2.49332
2.51281
2.53175
2.55003
2.56749
2.58398
2.59936
2.61344
2.62605
2.637
2.6461
2.65311
2.65779
2.6599
2.6591
2.65506
2.64751
2.63621
2.62089
2.60131
2.57716
2.54826
2.51437
2.4753
2.43087
2.3809
2.32523
2.26378
2.19645
2.12329
2.04432
1.95961
1.86923
1.77339
1.67232
1.56637
1.45595
1.34158
1.22383
1.10344
0.981295
0.858505
0.736622
0.617974
0.506478
0.40937
0.340009
0.317226
0.349452
0.422833
0.518458
0.624382
0.734386
0.845224
0.955203
1.06344
1.16941
1.27271
1.37304
1.47022
1.5641
1.65462
1.74175
1.82548
1.90585
1.98293
2.05678
2.12752
2.19523
2.26002
2.32202
2.3813
2.43801
2.49223
2.54406
2.59357
2.64087
2.68602
2.72905
2.77
2.80883
2.84546
2.87971
2.91134
2.93988
2.96507
2.98558
3.00544
3.01856
0.0777009
0.0460582
0.0410243
0.0662083
0.0993696
0.134409
0.170297
0.206837
0.244006
0.281786
0.320131
0.359004
0.398434
0.438405
0.478803
0.519439
0.560108
0.600561
0.640515
0.679711
0.717936
0.755036
0.790917
0.825546
0.858962
0.891275
0.922622
0.953149
0.982992
1.01227
1.04107
1.06948
1.09756
1.12535
1.15284
1.18008
1.20704
1.2337
1.26005
1.28606
1.31171
1.33697
1.36182
1.38625
1.41025
1.43381
1.45691
1.47956
1.50178
1.52354
1.54487
1.56577
1.58624
1.60632
1.62601
1.64532
1.66428
1.68289
1.70118
1.71917
1.73687
1.75431
1.77151
1.78849
1.80527
1.82189
1.83837
1.85474
1.87101
1.88722
1.90341
1.91959
1.9358
1.95205
1.96838
1.98482
2.00139
2.0181
2.03496
2.05199
2.0692
2.08658
2.10414
2.12185
2.13971
2.15768
2.1757
2.19373
2.2117
2.22954
2.2472
2.2646
2.28166
2.29825
2.31426
2.32956
2.34399
2.35741
2.36966
2.38053
2.38986
2.39743
2.40299
2.40631
2.40711
2.40513
2.40007
2.39167
2.3797
2.36391
2.34405
2.31989
2.29118
2.25772
2.21935
2.17587
2.12711
2.07293
2.01322
1.94799
1.87725
1.80106
1.71949
1.63271
1.54094
1.44452
1.34387
1.23956
1.1323
1.02301
0.912884
0.803588
0.697531
0.598404
0.51207
0.447499
0.415935
0.425099
0.472187
0.54653
0.637428
0.737422
0.841888
0.948007
1.05404
1.15893
1.26203
1.36289
1.46119
1.55667
1.64915
1.73853
1.82471
1.90766
1.98738
2.06392
2.13732
2.20764
2.27497
2.33942
2.40107
2.46004
2.51645
2.5704
2.62201
2.67134
2.7185
2.76357
2.80661
2.84766
2.88675
2.92388
2.95896
2.99189
3.02249
3.05049
3.07587
3.09795
3.12045
3.13883
0.0416686
0.0362776
0.0696048
0.108604
0.147877
0.187062
0.226296
0.26566
0.305171
0.344783
0.384403
0.423911
0.463192
0.502111
0.540513
0.578219
0.615047
0.650821
0.685371
0.718564
0.750308
0.780564
0.809345
0.83672
0.86281
0.887775
0.9118
0.935072
0.957764
0.980031
1.002
1.02378
1.04544
1.06704
1.0886
1.11013
1.13164
1.15309
1.17446
1.19573
1.21683
1.23776
1.25848
1.27894
1.29913
1.31902
1.33861
1.35785
1.37675
1.3953
1.41348
1.4313
1.44876
1.46587
1.48262
1.49903
1.5151
1.53084
1.54627
1.5614
1.57624
1.59082
1.60514
1.61924
1.63313
1.64684
1.66039
1.67381
1.68713
1.70037
1.71356
1.72673
1.73993
1.75316
1.76645
1.77985
1.79337
1.80703
1.82085
1.83485
1.84904
1.86342
1.87799
1.89276
1.90769
1.92278
1.93797
1.95323
1.96847
1.98366
1.99874
2.01363
2.02826
2.04251
2.05626
2.0694
2.08178
2.09326
2.10367
2.11284
2.12058
2.12667
2.13091
2.13303
2.13281
2.12998
2.12428
2.11549
2.10335
2.08765
2.06815
2.04463
2.01688
1.98471
1.94793
1.90636
1.85988
1.80836
1.75176
1.69009
1.62339
1.55177
1.47537
1.39446
1.30937
1.22063
1.12889
1.03508
0.940392
0.846522
0.755819
0.671644
0.598773
0.543602
0.51335
0.513424
0.544181
0.600729
0.676029
0.763703
0.858952
0.958441
1.05988
1.16172
1.26289
1.36266
1.46057
1.55626
1.64946
1.73995
1.82759
1.91228
1.99394
2.07254
2.14808
2.2206
2.29014
2.35676
2.42055
2.48158
2.53995
2.59579
2.64917
2.70023
2.74905
2.79573
2.84038
2.88307
2.92385
2.96279
2.9999
3.03519
3.06862
3.10012
3.12962
3.15696
3.1823
3.20543
3.22987
3.25153
0.029222
0.0720392
0.114392
0.156321
0.19751
0.238232
0.278729
0.319077
0.35924
0.399114
0.438545
0.477348
0.515328
0.552286
0.588032
0.622386
0.655194
0.68633
0.715703
0.743263
0.769006
0.792975
0.815263
0.836006
0.855379
0.873585
0.890838
0.907353
0.92333
0.938954
0.954379
0.969731
0.985112
1.00059
1.01621
1.03199
1.04793
1.06403
1.08024
1.09654
1.1129
1.12925
1.14557
1.1618
1.17791
1.19387
1.20964
1.2252
1.24051
1.25556
1.27032
1.2848
1.29897
1.31282
1.32636
1.33957
1.35248
1.36506
1.37735
1.38933
1.40101
1.41243
1.42358
1.4345
1.4452
1.45569
1.46601
1.47618
1.48624
1.49621
1.50612
1.51599
1.52588
1.5358
1.54579
1.55588
1.56609
1.57646
1.587
1.59775
1.6087
1.61988
1.63128
1.64292
1.65477
1.66683
1.67904
1.69138
1.7038
1.71623
1.72861
1.74089
1.753
1.76481
1.77622
1.78713
1.79739
1.80686
1.8154
1.82284
1.82899
1.83366
1.83664
1.83771
1.83664
1.8332
1.82715
1.8183
1.80642
1.79129
1.77272
1.7505
1.72444
1.69437
1.66011
1.62155
1.57858
1.53116
1.47928
1.42303
1.36252
1.29794
1.22964
1.15805
1.0838
1.00779
0.93121
0.855707
0.783511
0.717624
0.661928
0.621066
0.599757
0.601385
0.626628
0.673208
0.737057
0.81377
0.899476
0.991107
1.08633
1.18342
1.28108
1.37834
1.47451
1.56909
1.66173
1.75215
1.84014
1.92553
2.0082
2.08804
2.16503
2.23911
2.31032
2.37866
2.44419
2.50698
2.56707
2.62457
2.67955
2.73212
2.78238
2.83044
2.87637
2.92032
2.96234
3.00253
3.04095
3.07765
3.11267
3.14605
3.17774
3.20774
3.23604
3.2626
3.28773
3.31145
3.33718
3.36077
0.0795711
0.126216
0.167214
0.207842
0.24812
0.288139
0.327988
0.36762
0.406903
0.44565
0.483643
0.520642
0.5564
0.590683
0.62328
0.654008
0.682728
0.709348
0.733819
0.756146
0.776378
0.794614
0.810991
0.825689
0.838915
0.850895
0.861867
0.872061
0.881703
0.890995
0.900115
0.909216
0.918419
0.927817
0.937473
0.947428
0.957695
0.968273
0.979142
0.990272
1.00162
1.01315
1.0248
1.03654
1.0483
1.06005
1.07174
1.08332
1.09477
1.10604
1.11712
1.12796
1.13856
1.14889
1.15893
1.16869
1.17815
1.1873
1.19615
1.2047
1.21296
1.22093
1.22863
1.23607
1.24327
1.25027
1.25706
1.2637
1.27019
1.2766
1.28292
1.28921
1.2955
1.30183
1.30823
1.31473
1.32138
1.32819
1.33521
1.34246
1.34994
1.35769
1.36571
1.37401
1.38257
1.3914
1.40045
1.40969
1.41909
1.42857
1.4381
1.4476
1.45702
1.46623
1.47516
1.48367
1.49166
1.49901
1.50555
1.51115
1.51564
1.51885
1.52058
1.52062
1.51879
1.51489
1.50872
1.50009
1.48882
1.47474
1.45764
1.4374
1.41385
1.38686
1.35634
1.32221
1.28447
1.24317
1.19845
1.15048
1.09961
1.04626
0.991083
0.934962
0.87909
0.825042
0.774887
0.731187
0.696968
0.675422
0.669409
0.680687
0.70948
0.754461
0.81329
0.883247
0.961706
1.04636
1.1353
1.22697
1.32011
1.41372
1.50704
1.59944
1.69044
1.77968
1.86693
1.95196
2.03462
2.11476
2.19231
2.26718
2.33934
2.40877
2.47548
2.53952
2.60091
2.6597
2.71598
2.76981
2.82129
2.8705
2.91755
2.96251
3.0055
3.04661
3.08592
3.12354
3.1595
3.19389
3.22674
3.25811
3.28799
3.31642
3.34343
3.36908
3.39379
3.41773
3.44417
3.46877
0.140187
0.185935
0.223813
0.261316
0.298888
0.336528
0.374175
0.411665
0.448766
0.485215
0.520735
0.555041
0.587851
0.618909
0.64799
0.674912
0.69954
0.721797
0.74166
0.759154
0.774359
0.787398
0.798432
0.807659
0.815301
0.821593
0.826781
0.831111
0.834817
0.838116
0.841208
0.844265
0.84743
0.850821
0.854527
0.858608
0.863101
0.86802
0.873359
0.879101
0.885212
0.89165
0.898367
0.905312
0.912428
0.919665
0.926966
0.934281
0.941561
0.948761
0.955841
0.962764
0.969495
0.976006
0.982275
0.98828
0.994005
0.999438
1.00457
1.00941
1.01394
1.01818
1.02213
1.02581
1.02924
1.03243
1.03542
1.03822
1.04088
1.04343
1.04588
1.04831
1.05072
1.05317
1.05571
1.05836
1.06118
1.06419
1.06743
1.07093
1.07471
1.07881
1.08322
1.08797
1.09304
1.09842
1.1041
1.11005
1.11621
1.12253
1.12899
1.13549
1.14199
1.14838
1.15459
1.16049
1.16598
1.17095
1.17528
1.17886
1.18152
1.1831
1.18346
1.18243
1.17986
1.17558
1.16945
1.16133
1.15108
1.13859
1.12375
1.10646
1.08667
1.06436
1.03953
1.01228
0.98277
0.951273
0.918167
0.883977
0.849404
0.815371
0.783072
0.753989
0.729884
0.712708
0.704465
0.706938
0.721393
0.748319
0.787431
0.837763
0.897924
0.966332
1.04141
1.12169
1.20587
1.29278
1.38146
1.47105
1.56085
1.65024
1.73875
1.82596
1.91155
1.99528
2.07697
2.15645
2.23362
2.30838
2.38066
2.45041
2.51761
2.58224
2.64434
2.70392
2.76102
2.81572
2.86806
2.91811
2.96597
3.01173
3.05546
3.09726
3.13721
3.17541
3.21196
3.24691
3.28036
3.31237
3.34298
3.37227
3.40027
3.42704
3.45268
3.47731
3.50142
3.52523
3.55188
3.5768
0.202232
0.246871
0.281258
0.314848
0.348678
0.382805
0.417113
0.451365
0.485259
0.51848
0.550708
0.581626
0.610933
0.638359
0.663671
0.686684
0.707267
0.725346
0.740901
0.753967
0.76463
0.773015
0.779288
0.783645
0.786306
0.787505
0.787484
0.786488
0.784753
0.782505
0.779952
0.777281
0.774657
0.772217
0.770072
0.76831
0.76699
0.766151
0.765808
0.76596
0.766585
0.767657
0.769132
0.770961
0.773091
0.775464
0.778021
0.780705
0.783458
0.786224
0.788954
0.7916
0.794117
0.796468
0.798617
0.800535
0.802198
0.803585
0.804683
0.805483
0.80598
0.806176
0.806077
0.805694
0.805043
0.804146
0.803027
0.801714
0.800244
0.798651
0.796974
0.795256
0.793543
0.79188
0.790312
0.788887
0.787649
0.786641
0.785901
0.785466
0.785365
0.785621
0.786253
0.787269
0.788667
0.790438
0.792562
0.795009
0.797729
0.800677
0.803806
0.807053
0.810344
0.813597
0.816729
0.819651
0.822274
0.824506
0.826256
0.827423
0.827898
0.827565
0.826316
0.824058
0.820699
0.816154
0.810362
0.803278
0.794877
0.785166
0.774184
0.762016
0.748794
0.734733
0.720128
0.705399
0.691078
0.67785
0.666519
0.658047
0.653472
0.653912
0.660441
0.674025
0.695384
0.724938
0.762725
0.80851
0.861789
0.921875
0.987968
1.05923
1.13482
1.21392
1.29577
1.37966
1.46494
1.55102
1.63737
1.72352
1.80904
1.89359
1.97682
2.0585
2.13841
2.21638
2.2923
2.36605
2.43756
2.50677
2.57363
2.63812
2.70021
2.75991
2.81724
2.87224
2.92494
2.97541
3.0237
3.06987
3.11401
3.1562
3.19653
3.23508
3.27192
3.30715
3.34085
3.37309
3.40396
3.43351
3.46184
3.48898
3.51503
3.54008
3.56426
3.58775
3.61107
3.63446
3.66093
3.68567
0.262693
0.306382
0.337295
0.366707
0.396274
0.42622
0.45644
0.486685
0.516633
0.545943
0.574274
0.601296
0.626703
0.650219
0.67161
0.690692
0.707331
0.721451
0.733027
0.74209
0.748714
0.75302
0.755158
0.75531
0.753681
0.75049
0.745964
0.740334
0.733826
0.726662
0.719049
0.711175
0.703216
0.695323
0.687625
0.680229
0.673221
0.66666
0.660588
0.655027
0.649976
0.645426
0.641348
0.637708
0.634458
0.631548
0.628918
0.626513
0.62427
0.622131
0.620038
0.617935
0.615773
0.613502
0.611082
0.608473
0.605643
0.602565
0.59922
0.595592
0.591674
0.587461
0.582956
0.578171
0.573119
0.567822
0.562305
0.556601
0.550745
0.54478
0.538749
0.532701
0.526687
0.52076
0.514973
0.509379
0.50403
0.498973
0.494252
0.489906
0.485963
0.482447
0.479368
0.476729
0.47452
0.472719
0.471295
0.4702
0.469381
0.468776
0.468321
0.467952
0.467588
0.467151
0.466567
0.465768
0.464697
0.463303
0.461547
0.459393
0.456817
0.453808
0.450383
0.4466
0.442537
0.438326
0.434144
0.430225
0.426869
0.424446
0.423394
0.424221
0.427482
0.433773
0.443688
0.457792
0.476561
0.500356
0.529394
0.563769
0.603463
0.648357
0.69824
0.752874
0.811984
0.875266
0.942371
1.01293
1.08657
1.16286
1.24139
1.32176
1.40353
1.48633
1.56976
1.65345
1.73709
1.82034
1.90293
1.98458
2.06505
2.14413
2.22164
2.29741
2.37132
2.44327
2.51318
2.58099
2.64665
2.71012
2.7714
2.83045
2.88729
2.94191
2.99435
3.04464
3.09282
3.13894
3.18307
3.22525
3.26558
3.30413
3.34096
3.37616
3.40981
3.44199
3.47278
3.50224
3.53046
3.55751
3.58348
3.60844
3.63249
3.65575
3.67838
3.7006
3.72296
3.7457
3.77166
3.79585
0.319655
0.362589
0.390198
0.415442
0.440568
0.466001
0.491712
0.517482
0.543009
0.567955
0.591987
0.614781
0.636039
0.65549
0.672908
0.688111
0.700965
0.71139
0.719354
0.724874
0.728011
0.728866
0.727568
0.724277
0.719172
0.712446
0.704304
0.694951
0.684594
0.673434
0.661663
0.649461
0.636997
0.624419
0.611865
0.599449
0.587266
0.575397
0.563899
0.552815
0.54217
0.531971
0.522216
0.512885
0.50395
0.495377
0.487118
0.479126
0.47135
0.463733
0.456222
0.448763
0.441306
0.433801
0.426204
0.418474
0.410577
0.402485
0.394175
0.385631
0.376844
0.367812
0.358541
0.349041
0.339334
0.32945
0.319422
0.309296
0.29912
0.288956
0.278868
0.268928
0.259214
0.249809
0.240792
0.232249
0.224255
0.216879
0.210177
0.204182
0.19891
0.194345
0.190444
0.187136
0.184319
0.181868
0.179641
0.177476
0.175204
0.172652
0.169653
0.166036
0.161647
0.156337
0.149978
0.142457
0.133684
0.123599
0.112196
0.0995581
0.08594
0.0720008
0.0592962
0.0513113
0.053148
0.0665259
0.0884079
0.115841
0.147359
0.18228
0.220316
0.261315
0.305225
0.352003
0.401651
0.454146
0.509489
0.567638
0.628571
0.692215
0.758515
0.827352
0.898598
0.972084
1.04764
1.12505
1.20406
1.28442
1.36583
1.448
1.53064
1.61346
1.6962
1.77859
1.86041
1.94146
2.02155
2.1005
2.17818
2.25442
2.32912
2.40216
2.47345
2.5429
2.61046
2.67606
2.7397
2.80132
2.86091
2.91847
2.97398
3.02744
3.07887
3.12828
3.17569
3.22114
3.26468
3.30635
3.3462
3.3843
3.42072
3.45552
3.48877
3.52055
3.55094
3.57999
3.60779
3.63439
3.65991
3.6844
3.70796
3.73069
3.75268
3.77408
3.79509
3.81594
3.83719
3.85905
3.88423
3.90761
0.371798
0.414166
0.438701
0.459938
0.480653
0.501488
0.522516
0.543582
0.56443
0.584761
0.60427
0.622657
0.639645
0.654987
0.668469
0.67992
0.689209
0.696255
0.701021
0.703509
0.703766
0.70187
0.697931
0.692079
0.684467
0.675259
0.664629
0.652756
0.63982
0.62599
0.611439
0.596324
0.580794
0.564985
0.54902
0.533005
0.517034
0.501184
0.485516
0.470081
0.454914
0.440034
0.425454
0.411173
0.39718
0.383459
0.369985
0.356733
0.343669
0.33076
0.317976
0.305285
0.292661
0.280081
0.267529
0.254995
0.242485
0.230011
0.21761
0.20533
0.193248
0.181469
0.170132
0.159426
0.149584
0.140894
0.133691
0.128334
0.125154
0.124398
0.126166
0.130385
0.13683
0.145177
0.155067
0.166142
0.178081
0.190599
0.20345
0.216421
0.22933
0.242012
0.254329
0.266152
0.277374
0.287895
0.297629
0.306509
0.314474
0.321481
0.327499
0.332523
0.336578
0.339723
0.342036
0.343629
0.344654
0.345306
0.345849
0.346615
0.348014
0.350516
0.354637
0.360906
0.369872
0.382038
0.397844
0.417641
0.441673
0.470083
0.502922
0.540171
0.581746
0.627527
0.677365
0.73109
0.788527
0.849485
0.913774
0.981179
1.05148
1.12441
1.1997
1.27703
1.35608
1.43652
1.51797
1.60007
1.68248
1.76485
1.84687
1.92823
2.00871
2.08807
2.16614
2.24277
2.31785
2.39131
2.46307
2.5331
2.60134
2.66776
2.73233
2.79504
2.85586
2.9148
2.97186
3.02703
3.08031
3.13173
3.18128
3.22897
3.27483
3.31888
3.36113
3.40163
3.44041
3.47751
3.51299
3.54692
3.57933
3.6103
3.63989
3.66817
3.69519
3.72104
3.74578
3.76948
3.79223
3.81412
3.83522
3.85566
3.87554
3.89503
3.91433
3.93372
3.95372
3.97453
3.99871
4.02108
0.418273
0.460242
0.481961
0.499423
0.51588
0.532181
0.548516
0.564814
0.580891
0.596507
0.611404
0.625328
0.638039
0.649319
0.658982
0.666873
0.672875
0.676912
0.678944
0.678969
0.677022
0.673166
0.66749
0.660105
0.651141
0.640736
0.62904
0.61621
0.6024
0.587761
0.572437
0.556566
0.540281
0.523703
0.50694
0.490091
0.473243
0.456471
0.439843
0.423413
0.40723
0.391334
0.375761
0.360544
0.345715
0.331308
0.317361
0.303919
0.291039
0.27879
0.267259
0.256556
0.246809
0.238168
0.230802
0.224892
0.220625
0.218173
0.217684
0.219258
0.222942
0.228719
0.236519
0.246225
0.257688
0.270737
0.285194
0.300883
0.317632
0.335277
0.353663
0.372645
0.392084
0.411852
0.431825
0.451883
0.471914
0.491809
0.511462
0.530775
0.549651
0.568001
0.585738
0.602784
0.61907
0.634531
0.649114
0.662775
0.675487
0.687226
0.697984
0.707782
0.716663
0.724692
0.731949
0.738536
0.744573
0.750211
0.755634
0.761084
0.766831
0.77318
0.780458
0.789009
0.799201
0.811409
0.826005
0.843359
0.863817
0.887696
0.915271
0.946776
0.982373
1.02217
1.06621
1.11446
1.16686
1.22331
1.28361
1.34756
1.41487
1.48522
1.5582
1.63343
1.71045
1.78882
1.86807
1.94778
2.02749
2.1068
2.18533
2.26277
2.33881
2.41324
2.48592
2.55672
2.62559
2.69252
2.75748
2.82052
2.88163
2.94086
2.99821
3.05372
3.10742
3.15934
3.20951
3.25796
3.30469
3.34975
3.39315
3.43489
3.47503
3.51356
3.55051
3.58592
3.61982
3.65225
3.68328
3.71292
3.74124
3.76829
3.79414
3.81882
3.84242
3.86499
3.88661
3.90734
3.92727
3.94649
3.9651
3.9832
4.00093
4.01845
4.03599
4.05382
4.07245
4.09205
4.11506
4.13628
0.458734
0.500477
0.519639
0.533568
0.545946
0.557824
0.569522
0.581072
0.592374
0.603264
0.61355
0.623036
0.631534
0.638867
0.644886
0.649464
0.652506
0.653952
0.653772
0.65197
0.648578
0.643657
0.637293
0.629586
0.620654
0.610624
0.599635
0.58783
0.575352
0.562342
0.548942
0.535281
0.52149
0.507687
0.493985
0.480489
0.467298
0.454503
0.44219
0.430441
0.419337
0.408955
0.399374
0.390671
0.382927
0.376222
0.370642
0.366268
0.363184
0.36147
0.361202
0.362446
0.365257
0.369677
0.375727
0.383412
0.39272
0.403621
0.416068
0.429999
0.445347
0.462028
0.47996
0.499049
0.519204
0.540328
0.562323
0.58509
0.608527
0.632536
0.657013
0.681857
0.706966
0.732235
0.757564
0.78285
0.807991
0.832891
0.857449
0.881572
0.90517
0.928157
0.950451
0.971978
0.992671
1.01247
1.03132
1.0492
1.06606
1.08191
1.09672
1.11051
1.12335
1.1353
1.14642
1.15682
1.16659
1.17588
1.18484
1.19368
1.20263
1.21193
1.22185
1.23267
1.24468
1.2582
1.27353
1.29099
1.31091
1.33359
1.35933
1.38837
1.42096
1.45728
1.49744
1.54154
1.58961
1.64158
1.69739
1.75683
1.81965
1.88552
1.95408
2.0249
2.09751
2.17145
2.24619
2.32127
2.39616
2.47039
2.54353
2.61523
2.68518
2.7532
2.81911
2.88285
2.94442
3.00384
3.06115
3.11644
3.16976
3.2212
3.27081
3.31868
3.36485
3.4094
3.45237
3.49381
3.53377
3.57224
3.60929
3.64493
3.67917
3.71204
3.74356
3.77377
3.80268
3.83034
3.85678
3.88206
3.9062
3.92925
3.95126
3.97228
3.99238
4.01162
4.03005
4.04776
4.06483
4.08135
4.09742
4.11314
4.12866
4.14416
4.15987
4.17606
4.19323
4.21151
4.2332
4.25316
0.494301
0.535985
0.552714
0.563188
0.571501
0.578911
0.585881
0.592562
0.598957
0.604994
0.610564
0.615543
0.619804
0.623231
0.625722
0.627193
0.62759
0.626881
0.625067
0.622171
0.618245
0.613367
0.607629
0.601142
0.59403
0.586424
0.578464
0.570293
0.56205
0.553872
0.54589
0.538226
0.530996
0.524304
0.518243
0.512897
0.508339
0.504632
0.501831
0.499984
0.499134
0.499315
0.500561
0.502901
0.506361
0.510962
0.516727
0.523673
0.53182
0.541182
0.551773
0.563602
0.576678
0.591
0.606564
0.623358
0.641363
0.660553
0.680897
0.702354
0.72488
0.748425
0.772933
0.798346
0.824596
0.851617
0.879336
0.907675
0.936552
0.96588
0.995571
1.02553
1.05567
1.08589
1.11608
1.14616
1.17603
1.20557
1.2347
1.26333
1.29135
1.3187
1.34529
1.37104
1.3959
1.41978
1.44267
1.4645
1.48526
1.50493
1.5235
1.54101
1.55749
1.57302
1.58767
1.60152
1.61469
1.62727
1.63944
1.65136
1.66325
1.67532
1.68779
1.70092
1.71494
1.73011
1.74672
1.76503
1.78534
1.8079
1.833
1.86092
1.89184
1.92598
1.96347
2.00443
2.04893
2.09694
2.14843
2.20323
2.26114
2.32188
2.38513
2.45048
2.51749
2.58566
2.65444
2.72329
2.79169
2.85915
2.92524
2.98958
3.05191
3.112
3.16976
3.22517
3.27824
3.32906
3.37773
3.42435
3.46905
3.51194
3.55312
3.59272
3.63081
3.66747
3.70278
3.7368
3.76957
3.80114
3.83152
3.86075
3.88883
3.91579
3.94166
3.96644
3.99017
4.01286
4.03455
4.05528
4.07506
4.09395
4.11198
4.1292
4.14566
4.16144
4.17658
4.19117
4.20527
4.21899
4.23242
4.24567
4.25891
4.27229
4.28606
4.30049
4.31605
4.33286
4.35307
4.37164
0.523834
0.5655
0.579841
0.586901
0.591168
0.594117
0.59636
0.59818
0.599692
0.600926
0.601864
0.602459
0.602662
0.602421
0.601701
0.600482
0.598766
0.596578
0.593968
0.591013
0.587806
0.584463
0.581108
0.577877
0.574905
0.572328
0.570276
0.56887
0.568219
0.568415
0.569527
0.571613
0.574708
0.578832
0.58399
0.590178
0.597376
0.605566
0.614724
0.624823
0.635842
0.647759
0.660556
0.67422
0.68874
0.70411
0.720327
0.737395
0.755318
0.774106
0.793769
0.814318
0.835765
0.85812
0.881388
0.905568
0.930654
0.956635
0.983494
1.01121
1.03974
1.06907
1.09915
1.12995
1.16141
1.19347
1.22608
1.25919
1.29272
1.32658
1.36071
1.39502
1.42942
1.46381
1.49813
1.53224
1.56607
1.59952
1.63249
1.6649
1.69666
1.72769
1.7579
1.78723
1.81561
1.84298
1.8693
1.89453
1.91863
1.94161
1.96344
1.98417
2.00383
2.02248
2.04021
2.05711
2.07326
2.08878
2.10382
2.11854
2.13312
2.14776
2.16266
2.17802
2.19406
2.21101
2.22909
2.24856
2.26967
2.29266
2.31778
2.34525
2.37527
2.40802
2.44364
2.48222
2.52383
2.5685
2.61618
2.66677
2.72011
2.77594
2.83394
2.89372
2.9548
3.01668
3.07882
3.14069
3.20176
3.26155
3.31963
3.37568
3.42942
3.4807
3.52946
3.5757
3.61952
3.66105
3.70044
3.73785
3.77342
3.80731
3.83968
3.87066
3.90035
3.92886
3.95627
3.98267
4.00809
4.03257
4.05616
4.07885
4.10068
4.12165
4.14177
4.16107
4.17954
4.19722
4.21412
4.23025
4.24565
4.26035
4.27437
4.28778
4.30061
4.31291
4.32477
4.33622
4.34736
4.35829
4.36908
4.37987
4.39081
4.40206
4.41388
4.42653
4.44044
4.45572
4.47438
4.49156
0.547459
0.589036
0.600983
0.604636
0.604895
0.60346
0.601112
0.598267
0.595154
0.591896
0.588557
0.585174
0.581772
0.578385
0.575058
0.571857
0.568872
0.566218
0.564027
0.56245
0.561646
0.561776
0.562999
0.565456
0.569266
0.574521
0.581279
0.589569
0.599389
0.610709
0.623474
0.637604
0.653015
0.669608
0.687285
0.705949
0.725511
0.745888
0.767006
0.788804
0.81123
0.834239
0.857801
0.881888
0.906485
0.931581
0.957172
0.98326
1.00985
1.03695
1.06459
1.09278
1.12153
1.15087
1.1808
1.21132
1.24247
1.2742
1.30654
1.33947
1.37296
1.40699
1.44155
1.4766
1.51212
1.54807
1.58441
1.62109
1.65805
1.69525
1.73259
1.77002
1.80746
1.84482
1.88204
1.919
1.95563
1.99183
2.02754
2.06265
2.09709
2.13078
2.16364
2.19562
2.22664
2.25666
2.28563
2.3135
2.34026
2.36588
2.39037
2.41375
2.43605
2.45735
2.47773
2.49726
2.51603
2.53417
2.5518
2.56908
2.58618
2.60326
2.6205
2.63808
2.65619
2.675
2.69476
2.71565
2.7379
2.76173
2.78733
2.81491
2.84464
2.87665
2.91107
2.94801
2.98753
3.02965
3.07436
3.12152
3.17098
3.22247
3.27567
3.33017
3.38553
3.44121
3.49673
3.55154
3.60514
3.65707
3.70696
3.7545
3.79947
3.84177
3.8814
3.91842
3.95298
3.98526
4.01545
4.04377
4.07039
4.0955
4.11929
4.14188
4.16345
4.1841
4.20392
4.22299
4.24137
4.25909
4.27618
4.29264
4.3085
4.32377
4.33844
4.35251
4.366
4.37891
4.39125
4.40303
4.41428
4.42503
4.43528
4.4451
4.45451
4.46357
4.47232
4.48086
4.48922
4.49753
4.50586
4.51434
4.52314
4.53241
4.5424
4.55336
4.56572
4.57956
4.59676
4.61266
0.568522
0.609574
0.618624
0.618407
0.61428
0.608203
0.601133
0.593612
0.585961
0.578381
0.571013
0.563981
0.557417
0.551466
0.5463
0.542118
0.539143
0.53762
0.5378
0.53992
0.544196
0.5508
0.559857
0.571428
0.585509
0.602033
0.620881
0.641898
0.6649
0.689693
0.716069
0.743825
0.772767
0.802718
0.833515
0.86502
0.897106
0.929664
0.962606
0.99586
1.02937
1.06308
1.09695
1.13098
1.16512
1.19938
1.23374
1.2682
1.30279
1.33749
1.37235
1.40737
1.44257
1.47799
1.51364
1.54953
1.58568
1.62209
1.65875
1.69569
1.73287
1.77031
1.80801
1.84593
1.88409
1.92247
1.96104
1.99978
2.03868
2.07766
2.1167
2.15573
2.1947
2.23353
2.27218
2.31053
2.34855
2.38613
2.42321
2.45973
2.49561
2.53077
2.56514
2.59868
2.63133
2.66303
2.69374
2.72341
2.75203
2.77958
2.80604
2.83145
2.85584
2.87925
2.90177
2.92349
2.9445
2.96489
2.98481
3.00439
3.02377
3.04311
3.06255
3.08224
3.10232
3.123
3.14444
3.16681
3.19032
3.21514
3.24144
3.2694
3.29914
3.3308
3.36448
3.40028
3.43824
3.47837
3.52061
3.56483
3.61083
3.65836
3.70706
3.75656
3.80638
3.85603
3.90501
3.95279
3.99892
4.04297
4.08463
4.12364
4.15984
4.19319
4.22374
4.25165
4.27709
4.30031
4.32154
4.34102
4.35897
4.3756
4.39111
4.40569
4.41949
4.43262
4.44519
4.4573
4.46898
4.48027
4.4912
4.50176
4.51197
4.52183
4.53133
4.54048
4.54926
4.55768
4.56573
4.57343
4.5808
4.58783
4.59457
4.60101
4.60723
4.61325
4.61913
4.62492
4.6307
4.63657
4.64261
4.64895
4.65574
4.66316
4.67144
4.68082
4.69171
4.70419
4.71998
4.73475
0.589922
0.629475
0.634433
0.629314
0.620019
0.608759
0.596625
0.584249
0.572023
0.560216
0.549062
0.53882
0.529799
0.52235
0.516858
0.513735
0.513419
0.516328
0.522813
0.533116
0.547365
0.565562
0.587597
0.613251
0.642238
0.674205
0.708785
0.745609
0.784329
0.82462
0.866182
0.908745
0.952072
0.99596
1.04023
1.08475
1.12936
1.17396
1.21846
1.26281
1.30693
1.35079
1.39435
1.43759
1.48049
1.52304
1.56524
1.60709
1.64861
1.68979
1.73068
1.77128
1.81165
1.8518
1.89176
1.93156
1.9712
2.01071
2.05011
2.0894
2.1286
2.16771
2.20676
2.24576
2.28474
2.3237
2.36266
2.40162
2.44058
2.47952
2.51841
2.55722
2.59591
2.63446
2.67278
2.71085
2.74859
2.78595
2.82288
2.85932
2.89521
2.93048
2.96508
2.99896
3.03207
3.06437
3.09579
3.12632
3.15593
3.18458
3.21228
3.23902
3.26483
3.28978
3.31392
3.33735
3.36012
3.38238
3.40423
3.42578
3.44717
3.4685
3.4899
3.51148
3.5334
3.55579
3.57881
3.60261
3.62734
3.65316
3.68022
3.70866
3.73857
3.77009
3.80327
3.8382
3.87488
3.91328
3.95332
3.99485
4.03766
4.08147
4.12592
4.17061
4.21507
4.25883
4.30138
4.34224
4.38099
4.41726
4.4508
4.48139
4.50897
4.53355
4.55526
4.57429
4.5909
4.60537
4.61797
4.62898
4.63862
4.64714
4.65478
4.66171
4.66813
4.67413
4.67984
4.68535
4.6907
4.69592
4.70103
4.70602
4.71091
4.71569
4.72034
4.72486
4.72923
4.73344
4.73748
4.74137
4.7451
4.74868
4.75211
4.75544
4.75867
4.76186
4.76505
4.7683
4.77168
4.77528
4.77917
4.78351
4.78843
4.79412
4.80079
4.80868
4.8182
4.82939
4.84385
4.85761
0.614682
0.650579
0.64922
0.637525
0.62192
0.604682
0.586942
0.569402
0.552529
0.536711
0.522357
0.510025
0.500456
0.494456
0.492795
0.496191
0.505242
0.520343
0.541599
0.568818
0.601587
0.639357
0.681504
0.727387
0.776388
0.827926
0.88147
0.936548
0.992752
1.04974
1.10721
1.1649
1.22262
1.28015
1.33737
1.39412
1.45029
1.5058
1.56057
1.61459
1.66779
1.72016
1.77168
1.82235
1.87215
1.9211
1.9692
2.01645
2.06289
2.10852
2.15339
2.19752
2.24096
2.28375
2.32592
2.3675
2.40853
2.44901
2.48899
2.52849
2.56755
2.60619
2.64445
2.68238
2.72003
2.75744
2.79467
2.83173
2.86865
2.90545
2.94213
2.97868
3.01509
3.05136
3.08745
3.12333
3.15898
3.19437
3.22944
3.26418
3.29851
3.33241
3.36582
3.39871
3.43102
3.46273
3.49379
3.52414
3.55377
3.58265
3.61076
3.63808
3.66464
3.69047
3.71564
3.74023
3.7643
3.78798
3.81136
3.83451
3.85754
3.88054
3.90359
3.92682
3.95031
3.9742
3.9986
4.02365
4.04949
4.07623
4.104
4.13289
4.163
4.1944
4.22714
4.26126
4.29674
4.33351
4.37147
4.41044
4.45019
4.4904
4.53072
4.57072
4.60996
4.64795
4.6842
4.71827
4.7498
4.77847
4.80408
4.82651
4.84574
4.86186
4.87506
4.88559
4.89377
4.89991
4.90431
4.90726
4.90902
4.90988
4.91006
4.90979
4.90921
4.90851
4.90776
4.90706
4.90645
4.90596
4.9056
4.90537
4.90527
4.9053
4.90541
4.90561
4.90586
4.90615
4.90646
4.90679
4.90713
4.90749
4.90787
4.90828
4.90875
4.90931
4.91001
4.91088
4.91202
4.91349
4.9154
4.91786
4.92103
4.92508
4.93024
4.93673
4.94493
4.95491
4.96811
4.98098
0.646263
0.674005
0.662527
0.641967
0.618659
0.594427
0.570328
0.547255
0.525966
0.507333
0.492446
0.482795
0.480181
0.486168
0.501691
0.527002
0.561729
0.604992
0.655619
0.712339
0.773949
0.83936
0.907622
0.977936
1.04966
1.12226
1.19526
1.26828
1.34102
1.41323
1.48471
1.55529
1.62483
1.69321
1.76033
1.82613
1.89056
1.95357
2.01517
2.07537
2.13418
2.1916
2.24764
2.30233
2.35569
2.40774
2.45848
2.50798
2.55624
2.60328
2.64917
2.69393
2.73761
2.78027
2.82196
2.86268
2.9025
2.94142
2.97951
3.01681
3.05334
3.08916
3.12434
3.15894
3.19302
3.22667
3.25996
3.29294
3.32567
3.3582
3.39054
3.42274
3.45481
3.48677
3.51862
3.55038
3.58204
3.61361
3.64507
3.6764
3.70756
3.73855
3.7693
3.7998
3.83001
3.8599
3.88941
3.9185
3.94715
3.97532
4.00297
4.03009
4.05666
4.08271
4.10828
4.13346
4.1583
4.18291
4.20733
4.23166
4.25593
4.28021
4.30457
4.32909
4.35386
4.37897
4.4045
4.43059
4.45733
4.48482
4.51314
4.54235
4.57253
4.60372
4.63594
4.66919
4.70342
4.73854
4.7744
4.8108
4.84748
4.88413
4.92036
4.95573
4.9898
5.02209
5.05216
5.07961
5.10412
5.12544
5.14343
5.15805
5.16934
5.17742
5.18257
5.1851
5.18535
5.18364
5.18033
5.17572
5.1701
5.16376
5.15694
5.14991
5.1428
5.13579
5.129
5.12248
5.11629
5.11045
5.10497
5.09986
5.09511
5.09069
5.08657
5.08274
5.07916
5.0758
5.07264
5.06967
5.06687
5.06424
5.06178
5.05948
5.05738
5.05548
5.05385
5.05253
5.05156
5.05105
5.05109
5.05178
5.0533
5.05582
5.05955
5.06471
5.07167
5.0805
5.09249
5.10457
0.69093
0.699911
0.672235
0.640086
0.607384
0.574578
0.543041
0.515133
0.493528
0.481659
0.483068
0.500671
0.535659
0.586719
0.651017
0.725388
0.807009
0.893544
0.983263
1.07486
1.16728
1.2598
1.35183
1.44293
1.53282
1.62121
1.70792
1.7928
1.87579
1.95678
2.03572
2.11262
2.18744
2.2602
2.33091
2.39959
2.46626
2.53097
2.59379
2.65477
2.71399
2.77146
2.82724
2.88137
2.93387
2.98479
3.03417
3.08203
3.12839
3.1733
3.2168
3.25895
3.29979
3.33938
3.37773
3.4149
3.45089
3.48577
3.51957
3.55233
3.58412
3.61499
3.64498
3.67419
3.70269
3.7306
3.75798
3.78495
3.81157
3.83789
3.86399
3.88991
3.91572
3.94148
3.96723
3.99302
4.0189
4.04489
4.07102
4.09729
4.12371
4.15024
4.17687
4.2036
4.23039
4.25721
4.28401
4.31074
4.33738
4.36388
4.39019
4.41628
4.44211
4.46766
4.493
4.51815
4.54317
4.56819
4.59317
4.61818
4.64324
4.66838
4.69365
4.71909
4.74478
4.77076
4.79713
4.82396
4.85134
4.87931
4.90793
4.93725
4.96728
4.99807
5.02959
5.06179
5.09463
5.12795
5.16158
5.19531
5.22883
5.26182
5.29391
5.32466
5.35363
5.38037
5.40446
5.42553
5.44332
5.45766
5.46845
5.4757
5.47952
5.48009
5.47773
5.47279
5.46564
5.45665
5.44616
5.43449
5.42198
5.40891
5.39559
5.38223
5.36903
5.35616
5.34369
5.33174
5.32033
5.3095
5.29925
5.28958
5.28048
5.27192
5.26387
5.25629
5.24914
5.24239
5.23601
5.22996
5.22425
5.21883
5.21372
5.20891
5.20441
5.20024
5.19644
5.19304
5.19012
5.18775
5.18603
5.18506
5.18504
5.1861
5.18846
5.19236
5.19813
5.20587
5.21669
5.22808
0.753068
0.724494
0.674675
0.626711
0.580017
0.5364
0.50464
0.497882
0.524835
0.586304
0.675592
0.783207
0.901488
1.02509
1.15027
1.27473
1.39708
1.51657
1.63282
1.74559
1.85464
1.96011
2.06201
2.16041
2.25539
2.34701
2.43541
2.52069
2.60294
2.68227
2.75883
2.83271
2.90402
2.97287
3.03934
3.10354
3.16557
3.22549
3.28343
3.33946
3.39368
3.44612
3.49681
3.54581
3.59314
3.63885
3.68299
3.72556
3.76661
3.80614
3.84422
3.88089
3.9162
3.95018
3.98284
4.01419
4.04427
4.0731
4.10072
4.12716
4.15248
4.17672
4.19996
4.22225
4.24369
4.26439
4.28445
4.30396
4.32302
4.34169
4.36006
4.37821
4.39624
4.41426
4.43238
4.45068
4.46924
4.48815
4.50746
4.5272
4.54741
4.5681
4.58926
4.61091
4.63303
4.65558
4.67853
4.70183
4.72544
4.74933
4.77342
4.79765
4.82197
4.84632
4.87072
4.89521
4.91983
4.94467
4.96967
4.99485
5.02021
5.04575
5.07148
5.09743
5.12362
5.15011
5.17694
5.20417
5.23183
5.25997
5.28858
5.31769
5.34731
5.37742
5.40797
5.43889
5.47006
5.50133
5.53253
5.56341
5.59367
5.62297
5.65096
5.6772
5.70127
5.72273
5.74117
5.75627
5.76776
5.77555
5.77958
5.77994
5.77677
5.77032
5.76095
5.74908
5.73504
5.71926
5.70208
5.68386
5.66493
5.64561
5.62621
5.60698
5.58811
5.56976
5.55201
5.53498
5.51869
5.50319
5.48848
5.47457
5.46142
5.449
5.43728
5.42622
5.41576
5.40586
5.39648
5.38758
5.37915
5.37114
5.36357
5.35642
5.34968
5.34338
5.33755
5.33222
5.32746
5.32334
5.31996
5.31744
5.31593
5.3156
5.31667
5.31936
5.32398
5.33067
5.34038
5.35115
0.871555
0.751123
0.650254
0.57176
0.537409
0.583088
0.707149
0.877881
1.06659
1.25785
1.44478
1.62242
1.78981
1.94715
2.09461
2.23295
2.36296
2.48547
2.60112
2.71049
2.81408
2.91238
3.00576
3.09456
3.17914
3.25981
3.33689
3.41063
3.48127
3.54901
3.61406
3.67654
3.73661
3.79441
3.85008
3.90374
3.95548
4.00537
4.05355
4.1001
4.14506
4.18847
4.23033
4.2707
4.3096
4.34705
4.38308
4.4177
4.45091
4.48271
4.51318
4.54233
4.57017
4.59673
4.62199
4.64595
4.66863
4.69005
4.71022
4.72917
4.74691
4.76353
4.77905
4.79356
4.80712
4.81984
4.8318
4.8431
4.8538
4.86398
4.87375
4.88321
4.89253
4.90185
4.91132
4.92109
4.93126
4.94197
4.95332
4.96539
4.97823
4.99191
5.00646
5.0219
5.03825
5.05546
5.07352
5.09239
5.11201
5.13237
5.15336
5.17492
5.19695
5.21937
5.24216
5.26535
5.28896
5.31301
5.33746
5.36228
5.38741
5.41285
5.43855
5.46452
5.49078
5.51735
5.54423
5.57145
5.59902
5.62692
5.65516
5.68371
5.71254
5.74162
5.77087
5.80018
5.82943
5.85847
5.88711
5.91512
5.94221
5.96802
5.99216
6.0142
6.03368
6.0502
6.06335
6.07281
6.07836
6.07997
6.07765
6.07151
6.06177
6.04874
6.03282
6.01443
5.99398
5.97185
5.94844
5.9241
5.8992
5.87406
5.84901
5.82431
5.80016
5.7767
5.75402
5.73224
5.7114
5.69153
5.67268
5.65481
5.63789
5.62189
5.60676
5.59248
5.57893
5.56611
5.55393
5.54238
5.53142
5.52101
5.51114
5.5018
5.49298
5.48469
5.47695
5.46981
5.46332
5.45756
5.45261
5.44861
5.44569
5.44404
5.44386
5.44538
5.44889
5.45457
5.46319
5.47339
0.919643
0.601165
0.629305
0.926633
1.26424
1.59871
1.90258
2.17547
2.41644
2.62908
2.81743
2.98485
3.13498
3.27076
3.39449
3.50795
3.61251
3.70933
3.7993
3.88322
3.96185
4.03566
4.10518
4.17086
4.23309
4.2922
4.3485
4.40224
4.45365
4.50291
4.55019
4.59556
4.63923
4.68131
4.72189
4.76107
4.79891
4.83545
4.87076
4.9049
4.93789
4.96969
5.00032
5.02979
5.05813
5.08536
5.11145
5.13639
5.16018
5.1828
5.2043
5.22468
5.2439
5.26194
5.27879
5.29442
5.30886
5.32209
5.33411
5.34494
5.35461
5.36316
5.37062
5.37704
5.38247
5.38698
5.39064
5.3935
5.39564
5.39711
5.39802
5.39855
5.39888
5.39918
5.39964
5.40043
5.40169
5.40361
5.40635
5.41002
5.41475
5.42062
5.42773
5.4361
5.44578
5.45677
5.46905
5.48258
5.49736
5.51332
5.5304
5.5485
5.5675
5.58729
5.6078
5.62902
5.65098
5.67366
5.69697
5.72084
5.74519
5.76997
5.79512
5.82063
5.84648
5.87264
5.89911
5.92587
5.95289
5.98013
6.00758
6.03516
6.06285
6.09056
6.11823
6.14576
6.17303
6.19988
6.2261
6.25144
6.27559
6.2982
6.31879
6.33691
6.3521
6.36393
6.37202
6.37608
6.37595
6.37165
6.36327
6.35096
6.33501
6.31576
6.29368
6.26919
6.2427
6.21464
6.1854
6.15538
6.12493
6.09437
6.06408
6.03429
6.0052
5.97697
5.94968
5.92346
5.89838
5.87447
5.85175
5.83021
5.80979
5.79045
5.77216
5.75487
5.73848
5.72292
5.70817
5.69414
5.68083
5.66817
5.65616
5.64479
5.63402
5.62387
5.61436
5.60552
5.59741
5.59008
5.58365
5.57823
5.57398
5.57105
5.56965
5.57003
5.57246
5.57715
5.58469
5.59438
1.38063
2.0123
2.61945
3.12779
3.51062
3.80489
4.03312
4.21653
4.36506
4.48841
4.59334
4.68527
4.7667
4.83976
4.90577
4.96596
5.02124
5.07231
5.11964
5.16368
5.20484
5.2435
5.27998
5.31459
5.34756
5.37908
5.40931
5.4384
5.46644
5.49352
5.51971
5.54495
5.56957
5.59353
5.61686
5.63954
5.66161
5.68304
5.70387
5.72408
5.74363
5.76246
5.78059
5.79801
5.81474
5.83074
5.84599
5.86042
5.87405
5.88686
5.89883
5.90991
5.92005
5.9292
5.93732
5.94435
5.95033
5.9552
5.95897
5.96162
5.9632
5.96373
5.96324
5.96171
5.95921
5.95569
5.95125
5.94586
5.93961
5.93257
5.92491
5.91678
5.90839
5.89993
5.89158
5.88352
5.87595
5.86909
5.86313
5.85822
5.85455
5.85225
5.85145
5.85223
5.85466
5.85878
5.8646
5.87211
5.88131
5.89216
5.90459
5.91851
5.93379
5.95027
5.96784
5.98647
6.00615
6.02683
6.04839
6.07071
6.0937
6.11726
6.14131
6.16583
6.19074
6.21601
6.24159
6.26743
6.29347
6.31965
6.34593
6.37225
6.39858
6.42481
6.45088
6.47669
6.5021
6.52694
6.55097
6.57389
6.59535
6.61492
6.63212
6.64646
6.65748
6.66473
6.66787
6.66665
6.661
6.65096
6.63672
6.61851
6.59663
6.57146
6.54357
6.51331
6.48116
6.44752
6.41283
6.37749
6.34188
6.3063
6.27111
6.23659
6.20288
6.1702
6.13862
6.1083
6.07931
6.05168
6.0254
6.00044
5.97677
5.95437
5.93316
5.91311
5.89407
5.87599
5.85884
5.84253
5.82703
5.81229
5.7983
5.78503
5.77245
5.76057
5.74939
5.73894
5.72929
5.7205
5.71266
5.7059
5.70034
5.69617
5.69361
5.69287
5.69423
5.69794
5.70442
5.71359
7.5229
7.34306
7.17257
7.01019
6.86724
6.75247
6.67061
6.61194
6.57139
6.54342
6.52356
6.50927
6.49876
6.49078
6.48464
6.48021
6.47688
6.47446
6.47275
6.47175
6.47143
6.47175
6.47271
6.47429
6.47641
6.47906
6.48215
6.4857
6.48963
6.49392
6.49856
6.50351
6.50878
6.5143
6.52009
6.52602
6.53211
6.53828
6.54452
6.55062
6.55657
6.56234
6.56791
6.5733
6.57846
6.58334
6.58784
6.59194
6.59566
6.59894
6.60168
6.60378
6.60516
6.60572
6.60544
6.60421
6.6021
6.599
6.59493
6.58987
6.58384
6.5769
6.56898
6.56008
6.55019
6.53919
6.52712
6.51395
6.4998
6.48478
6.46914
6.45299
6.4365
6.41985
6.40321
6.38683
6.37089
6.35563
6.34125
6.32794
6.31594
6.30544
6.2966
6.28954
6.28436
6.28117
6.28002
6.28095
6.28396
6.28906
6.2962
6.30532
6.31627
6.32885
6.34291
6.3584
6.37525
6.39339
6.41269
6.43299
6.45415
6.47606
6.49862
6.52176
6.54539
6.56945
6.59385
6.61853
6.64341
6.66843
6.69352
6.71861
6.74366
6.76858
6.79327
6.8176
6.8414
6.86445
6.88646
6.90708
6.92586
6.94235
6.95601
6.96634
6.97287
6.9752
6.97303
6.96617
6.95461
6.93851
6.91813
6.89375
6.86575
6.83453
6.80068
6.76454
6.72666
6.68737
6.64723
6.60663
6.56591
6.52534
6.48534
6.44614
6.40789
6.37083
6.33509
6.30081
6.26804
6.23681
6.20709
6.17887
6.1521
6.12676
6.10277
6.08001
6.05842
6.03791
6.01845
5.99993
5.98232
5.96556
5.94964
5.93453
5.92018
5.9066
5.89379
5.88177
5.8706
5.86035
5.8511
5.84298
5.83612
5.83069
5.82691
5.82501
5.82526
5.82794
5.8333
5.84197
9.31004
9.27274
9.2119
9.12595
9.02477
8.91403
8.80103
8.68686
8.57593
8.47119
8.37383
8.28417
8.20239
8.12795
8.06048
7.99931
7.94386
7.89353
7.84779
7.80609
7.76793
7.73292
7.7007
7.67101
7.6436
7.61831
7.5949
7.57334
7.55338
7.53499
7.51822
7.50293
7.48881
7.47562
7.46354
7.45231
7.44214
7.43267
7.42404
7.41548
7.40736
7.39966
7.39235
7.38539
7.37867
7.37209
7.36563
7.35926
7.35295
7.34656
7.33992
7.33286
7.32527
7.31705
7.30819
7.29854
7.28822
7.27708
7.26518
7.25247
7.23895
7.22464
7.20933
7.19317
7.17594
7.15747
7.13787
7.117
7.09518
7.07253
7.04943
7.02577
7.0016
6.97717
6.95269
6.92836
6.90439
6.88103
6.85849
6.83693
6.8167
6.79791
6.78083
6.7656
6.75236
6.7413
6.73251
6.72608
6.72206
6.72051
6.72142
6.72475
6.73039
6.73811
6.74771
6.75912
6.77221
6.78689
6.80301
6.82039
6.83887
6.85832
6.87862
6.89966
6.92133
6.94354
6.96619
6.9892
7.01248
7.03597
7.05956
7.08321
7.1068
7.13025
7.15343
7.17615
7.1982
7.21927
7.23902
7.257
7.27271
7.28561
7.29514
7.30079
7.30211
7.29881
7.29061
7.27744
7.25939
7.2367
7.2097
7.17873
7.14422
7.10661
7.06649
7.02422
6.98034
6.93518
6.88944
6.84341
6.79746
6.75187
6.70693
6.66298
6.62022
6.5788
6.53894
6.50065
6.46407
6.42922
6.39608
6.36469
6.3349
6.3067
6.27998
6.2546
6.23051
6.20759
6.18582
6.1651
6.14538
6.1266
6.10876
6.09179
6.07565
6.06035
6.04587
6.03223
6.01951
6.00775
5.99703
5.98748
5.97922
5.97245
5.96734
5.96416
5.96317
5.9647
5.96882
5.97686
9.82786
9.82772
9.82098
9.80717
9.7886
9.76559
9.73789
9.70505
9.66716
9.6245
9.57758
9.52709
9.47366
9.41794
9.36059
9.30202
9.24306
9.18424
9.12617
9.0692
9.01371
8.95995
8.9081
8.85829
8.81059
8.76501
8.72153
8.68013
8.64075
8.60329
8.56767
8.53393
8.50193
8.47159
8.44275
8.41529
8.38909
8.36409
8.34015
8.31732
8.29538
8.27432
8.25404
8.23443
8.21542
8.19688
8.17916
8.16197
8.14506
8.12832
8.11152
8.09442
8.07699
8.05922
8.04108
8.02248
8.00341
7.98366
7.96372
7.94311
7.92187
7.89948
7.87618
7.85183
7.82646
7.80012
7.77289
7.74481
7.71594
7.6863
7.65597
7.62508
7.59375
7.56209
7.53028
7.4985
7.46695
7.43588
7.40542
7.37614
7.3479
7.32088
7.29557
7.27201
7.2504
7.23109
7.21416
7.19976
7.18796
7.17888
7.17259
7.1691
7.16833
7.17005
7.17403
7.18022
7.18836
7.1984
7.21019
7.22352
7.23823
7.25416
7.27118
7.28915
7.30797
7.3275
7.34765
7.36829
7.38933
7.41068
7.43225
7.45393
7.4756
7.49712
7.5183
7.53892
7.55863
7.5771
7.59382
7.6083
7.61993
7.62815
7.63239
7.63218
7.62717
7.61714
7.60194
7.58163
7.55638
7.5265
7.49239
7.45444
7.41308
7.36877
7.3222
7.2736
7.2236
7.17261
7.1212
7.06975
7.01869
6.96824
6.9186
6.87016
6.82317
6.77774
6.73401
6.69202
6.65188
6.61364
6.57727
6.54281
6.51019
6.47919
6.44988
6.4221
6.39572
6.37062
6.34677
6.32402
6.30226
6.28163
6.26192
6.24316
6.22528
6.2083
6.19219
6.17698
6.16272
6.14945
6.13725
6.12622
6.11653
6.10833
6.10182
6.09726
6.09491
6.09516
6.09793
6.10518
10.0288
10.0342
10.0377
10.0385
10.0371
10.0336
10.0286
10.0221
10.0144
10.0055
9.99537
9.98397
9.97121
9.95703
9.94134
9.92406
9.90514
9.88449
9.86205
9.83784
9.81189
9.78431
9.75519
9.72464
9.69285
9.65992
9.62613
9.59153
9.55643
9.52095
9.4851
9.44915
9.41327
9.37781
9.34271
9.30822
9.27414
9.24078
9.20796
9.17632
9.14551
9.11549
9.08614
9.05744
9.02936
9.00187
8.97476
8.94805
8.92159
8.89532
8.86927
8.84339
8.81756
8.79172
8.76574
8.73957
8.713
8.68599
8.65838
8.6302
8.60142
8.57187
8.54161
8.5104
8.47835
8.44563
8.41219
8.37827
8.34365
8.30835
8.27211
8.23524
8.19795
8.16029
8.12233
8.08425
8.04622
8.00847
7.97112
7.93463
7.89909
7.86471
7.83177
7.80059
7.7713
7.74426
7.71944
7.69718
7.67747
7.66063
7.64672
7.63584
7.62796
7.6229
7.62044
7.62048
7.62272
7.62717
7.63365
7.64196
7.65194
7.66341
7.67624
7.69029
7.70541
7.7215
7.7384
7.75599
7.77415
7.79276
7.81171
7.83085
7.85
7.86896
7.88745
7.90514
7.9216
7.93634
7.94881
7.95838
7.96444
7.96642
7.96382
7.95628
7.94357
7.92562
7.9024
7.87412
7.84101
7.80346
7.76181
7.71656
7.66803
7.6169
7.56365
7.5088
7.45265
7.39607
7.33908
7.28239
7.22643
7.17134
7.11741
7.06492
7.01411
6.96507
6.91791
6.87268
6.82944
6.78819
6.74893
6.71152
6.67625
6.64265
6.61087
6.58076
6.55226
6.52515
6.49937
6.47483
6.45129
6.42896
6.40752
6.38707
6.36758
6.34901
6.33132
6.31458
6.29882
6.28404
6.27034
6.25783
6.24663
6.23692
6.22893
6.22288
6.21905
6.21787
6.21916
6.2254
10.0944
10.101
10.107
10.111
10.1131
10.1138
10.1137
10.1129
10.1115
10.1094
10.1071
10.1044
10.1015
10.0983
10.0949
10.0912
10.0873
10.0832
10.0787
10.0738
10.0686
10.0629
10.0566
10.0498
10.0423
10.0341
10.0251
10.0153
10.0046
9.9929
9.98023
9.96651
9.95165
9.93566
9.91851
9.90023
9.8809
9.86056
9.83926
9.81702
9.79394
9.77013
9.74567
9.72063
9.69504
9.66902
9.64228
9.61496
9.58718
9.55902
9.53059
9.50207
9.47345
9.44467
9.41564
9.38636
9.3567
9.32676
9.29589
9.26434
9.23192
9.19902
9.16537
9.13103
9.096
9.06026
9.02369
8.98635
8.94824
8.90944
8.86993
8.82975
8.78892
8.74756
8.70576
8.66362
8.62136
8.57908
8.53708
8.49524
8.45417
8.41421
8.37536
8.33806
8.30256
8.26894
8.23745
8.20828
8.18169
8.15784
8.13679
8.1187
8.10372
8.0917
8.08249
8.07597
8.07181
8.07009
8.07064
8.07327
8.07782
8.08413
8.09208
8.10149
8.11226
8.12422
8.13722
8.15111
8.16575
8.18097
8.19661
8.21245
8.22824
8.24367
8.25834
8.2718
8.28349
8.29282
8.29916
8.30187
8.30038
8.29422
8.28303
8.2666
8.24489
8.21796
8.18589
8.14902
8.1076
8.06211
8.0127
7.96006
7.90422
7.84628
7.78635
7.72545
7.66363
7.60165
7.53972
7.47803
7.41748
7.35818
7.30041
7.24441
7.1903
7.13821
7.08818
7.04024
6.99441
6.95064
6.90897
6.86918
6.83147
6.79564
6.76164
6.72933
6.69874
6.6697
6.64205
6.61581
6.59079
6.56682
6.54389
6.5219
6.50093
6.48089
6.46168
6.44351
6.42629
6.40999
6.39477
6.38074
6.36798
6.35669
6.34709
6.33942
6.33396
6.33118
6.33085
6.33578
10.1141
10.1205
10.1264
10.131
10.1342
10.1367
10.1384
10.1395
10.1399
10.1399
10.1395
10.1389
10.1382
10.1374
10.1365
10.1356
10.1348
10.134
10.1331
10.1324
10.1316
10.1308
10.1301
10.1293
10.1284
10.1275
10.1265
10.1254
10.124
10.1225
10.1208
10.1187
10.1164
10.1136
10.1104
10.1067
10.1025
10.0978
10.0925
10.0864
10.0795
10.0717
10.0632
10.0538
10.0434
10.032
10.0196
10.0061
9.99152
9.97588
9.95913
9.94124
9.92221
9.9021
9.88093
9.8587
9.83542
9.81111
9.78579
9.75944
9.732
9.70344
9.67373
9.64298
9.61115
9.57826
9.54436
9.50945
9.47352
9.43664
9.39886
9.36022
9.32072
9.28045
9.23946
9.19786
9.1558
9.11338
9.07084
9.02826
8.9859
8.94406
8.90289
8.86267
8.82374
8.78617
8.75048
8.71668
8.68525
8.65611
8.62957
8.6057
8.58469
8.56647
8.55108
8.53832
8.52805
8.52026
8.51486
8.51169
8.51062
8.5115
8.5142
8.51862
8.52458
8.53193
8.54047
8.55006
8.56048
8.57152
8.58292
8.59438
8.60552
8.61589
8.62497
8.63219
8.63692
8.63852
8.63637
8.62995
8.61882
8.60267
8.58136
8.55484
8.5232
8.48664
8.44528
8.39953
8.34969
8.29628
8.23919
8.17924
8.11646
8.05183
7.98585
7.91916
7.85197
7.78504
7.71885
7.65327
7.58875
7.52598
7.46504
7.40614
7.3494
7.29487
7.24258
7.19251
7.14464
7.09891
7.05533
7.01367
6.97402
6.93636
6.90051
6.86642
6.83394
6.80316
6.77382
6.74592
6.71937
6.69391
6.66958
6.64622
6.62389
6.60244
6.58184
6.5622
6.5435
6.5257
6.50891
6.49335
6.47892
6.46591
6.45457
6.44511
6.43782
6.43323
6.43108
6.43435
10.1182
10.1239
10.1293
10.1338
10.1377
10.1408
10.1432
10.1451
10.1464
10.1474
10.1479
10.1483
10.1486
10.1487
10.1488
10.1489
10.149
10.1491
10.1492
10.1495
10.1498
10.1501
10.1506
10.1511
10.1516
10.1522
10.1529
10.1535
10.1542
10.1548
10.1554
10.1559
10.1563
10.1566
10.1568
10.1568
10.1566
10.1563
10.1556
10.1548
10.1535
10.1519
10.1499
10.1474
10.1445
10.1413
10.1374
10.133
10.1281
10.1225
10.1163
10.1094
10.1017
10.0931
10.0838
10.0735
10.0624
10.0501
10.0369
10.0228
10.0074
9.99101
9.97343
9.95467
9.93467
9.91338
9.89074
9.86673
9.84139
9.81473
9.7868
9.75763
9.72726
9.69571
9.66313
9.62953
9.59502
9.55964
9.52356
9.48687
9.44977
9.41241
9.37501
9.33776
9.30095
9.26482
9.2297
9.19576
9.16332
9.13241
9.10356
9.07667
9.05209
9.02978
9.01001
8.9924
8.97765
8.96489
8.95443
8.94615
8.93996
8.93577
8.93347
8.93291
8.93396
8.93642
8.94009
8.94474
8.9501
8.95587
8.96169
8.96713
8.97168
8.9748
8.97589
8.97433
8.9695
8.96089
8.94804
8.93055
8.90825
8.88098
8.84878
8.81171
8.76994
8.72369
8.67313
8.61865
8.56063
8.4995
8.43532
8.3684
8.29966
8.22919
8.15797
8.08643
8.01466
7.94344
7.8735
7.80484
7.73758
7.67233
7.60916
7.54816
7.4895
7.43321
7.37927
7.32767
7.27835
7.23124
7.18632
7.14334
7.10229
7.06326
7.02608
6.99061
6.95671
6.92444
6.89365
6.86422
6.83616
6.80925
6.78351
6.75883
6.7351
6.7123
6.69034
6.66919
6.64893
6.62959
6.61117
6.59387
6.57766
6.5628
6.54951
6.53802
6.52866
6.52197
6.51775
6.51894
10.1164
10.1214
10.1263
10.1308
10.1347
10.138
10.1407
10.143
10.1449
10.1463
10.1476
10.1486
10.1494
10.1501
10.1507
10.1513
10.1519
10.1525
10.1532
10.1539
10.1546
10.1554
10.1562
10.1572
10.1582
10.1592
10.1603
10.1614
10.1625
10.1636
10.1648
10.1658
10.1669
10.1679
10.1688
10.1696
10.1703
10.1708
10.1712
10.1715
10.1715
10.1712
10.1706
10.1698
10.1686
10.1672
10.1655
10.1634
10.1609
10.1582
10.155
10.1514
10.1474
10.1428
10.1378
10.1324
10.1264
10.12
10.113
10.1057
10.0978
10.0894
10.0805
10.0711
10.0612
10.0507
10.0395
10.0276
10.015
10.0014
9.98718
9.97202
9.95596
9.93893
9.92088
9.9018
9.88167
9.86049
9.83824
9.81498
9.79074
9.7656
9.7397
9.71315
9.68613
9.65881
9.63137
9.60405
9.57706
9.5506
9.52491
9.50008
9.47637
9.45401
9.43307
9.41419
9.39713
9.38196
9.36863
9.3571
9.34734
9.3393
9.33288
9.32796
9.32438
9.3219
9.32031
9.31929
9.31851
9.31758
9.31604
9.31338
9.30907
9.30256
9.29328
9.28072
9.26445
9.24412
9.21947
9.19031
9.1566
9.11832
9.07557
9.02845
8.97711
8.92179
8.86266
8.80007
8.73456
8.66626
8.5958
8.52327
8.4497
8.3752
8.29991
8.22466
8.14968
8.07558
8.00305
7.93201
7.86288
7.79598
7.73139
7.66911
7.60926
7.55187
7.49694
7.44441
7.39424
7.34633
7.30059
7.257
7.21517
7.17528
7.13712
7.10064
7.06577
7.03235
7.00036
6.9696
6.94016
6.91191
6.88475
6.85862
6.83337
6.8091
6.78569
6.76297
6.74106
6.72004
6.69985
6.68057
6.6624
6.64546
6.6299
6.61607
6.6043
6.59512
6.58849
6.58708
10.1124
10.1169
10.1213
10.1254
10.1292
10.1325
10.1354
10.1379
10.1401
10.1419
10.1435
10.1449
10.1461
10.1472
10.1482
10.1492
10.1501
10.151
10.152
10.1529
10.1539
10.155
10.1561
10.1572
10.1584
10.1596
10.1609
10.1621
10.1634
10.1647
10.166
10.1673
10.1685
10.1697
10.1708
10.1718
10.1727
10.1735
10.1741
10.1747
10.1749
10.175
10.1748
10.1743
10.1736
10.1728
10.1715
10.17
10.1682
10.1662
10.1637
10.1609
10.1578
10.1544
10.1505
10.1463
10.1418
10.1369
10.1317
10.1263
10.1205
10.1146
10.1084
10.1021
10.0956
10.089
10.0823
10.0755
10.0686
10.0615
10.0545
10.0475
10.0404
10.0333
10.026
10.0186
10.011
10.0032
9.99486
9.98619
9.97701
9.96721
9.95674
9.94555
9.93358
9.92088
9.90738
9.89319
9.87832
9.86304
9.8472
9.83127
9.81495
9.7989
9.78254
9.76689
9.75208
9.73831
9.72545
9.71365
9.70287
9.69311
9.68425
9.67619
9.66872
9.66161
9.65459
9.64736
9.63955
9.63073
9.6205
9.60836
9.5939
9.57666
9.55628
9.53243
9.50483
9.4733
9.43772
9.39803
9.35421
9.30629
9.25436
9.19851
9.13889
9.07568
9.00919
8.9397
8.86784
8.79369
8.71804
8.64129
8.56402
8.48667
8.40923
8.33185
8.25546
8.18005
8.10619
8.0341
7.96393
7.89622
7.83097
7.76819
7.70791
7.65013
7.59488
7.54206
7.49161
7.44344
7.3974
7.3535
7.31146
7.27126
7.23256
7.19543
7.15974
7.12547
7.09251
7.06069
7.02995
7.00041
6.97186
6.94421
6.91737
6.8914
6.86632
6.84183
6.81812
6.79515
6.77292
6.75143
6.73099
6.71158
6.69345
6.67691
6.6623
6.65014
6.64069
6.63602
10.1075
10.1115
10.1155
10.1193
10.1228
10.1261
10.129
10.1316
10.1339
10.1359
10.1378
10.1394
10.1409
10.1423
10.1436
10.1448
10.146
10.1471
10.1483
10.1495
10.1506
10.1518
10.1531
10.1543
10.1556
10.157
10.1583
10.1597
10.161
10.1624
10.1637
10.165
10.1663
10.1675
10.1687
10.1697
10.1707
10.1715
10.1722
10.1729
10.1732
10.1734
10.1733
10.173
10.1725
10.1718
10.1708
10.1695
10.1679
10.1661
10.164
10.1616
10.1588
10.1557
10.1524
10.1487
10.1447
10.1404
10.136
10.1312
10.1262
10.1211
10.1159
10.1106
10.1052
10.0998
10.0944
10.0892
10.0839
10.0789
10.0741
10.0695
10.0654
10.0616
10.0582
10.0552
10.0528
10.0506
10.0491
10.0479
10.0471
10.0465
10.0462
10.0459
10.0457
10.0453
10.0446
10.0435
10.0418
10.0395
10.0365
10.0327
10.028
10.0229
10.0169
10.0096
10.0017
9.99362
9.98534
9.97694
9.96845
9.95982
9.95097
9.94178
9.93206
9.9216
9.91021
9.89758
9.88345
9.86748
9.84938
9.82882
9.80552
9.77923
9.74971
9.71677
9.68025
9.64003
9.59603
9.54817
9.4965
9.44105
9.38193
9.3193
9.25323
9.18397
9.11182
9.0372
8.96066
8.88244
8.80321
8.72345
8.64365
8.56414
8.48536
8.40713
8.33051
8.25518
8.18137
8.10952
8.03975
7.97244
7.90761
7.84528
7.78545
7.72809
7.6732
7.62071
7.57049
7.5225
7.47658
7.43267
7.39062
7.35031
7.31145
7.27396
7.23769
7.20263
7.16879
7.13602
7.10414
7.07322
7.04324
7.01398
6.9854
6.95749
6.93031
6.90379
6.87791
6.85261
6.82791
6.80392
6.78079
6.7585
6.73737
6.71767
6.69973
6.68411
6.67137
6.66263
10.1023
10.1059
10.1095
10.113
10.1163
10.1194
10.1222
10.1248
10.1272
10.1294
10.1314
10.1332
10.1349
10.1365
10.1379
10.1393
10.1407
10.142
10.1433
10.1446
10.146
10.1473
10.1486
10.15
10.1513
10.1527
10.1541
10.1555
10.1569
10.1582
10.1596
10.1609
10.1622
10.1634
10.1645
10.1656
10.1666
10.1674
10.1682
10.1687
10.1691
10.1693
10.1693
10.1691
10.1687
10.168
10.1672
10.166
10.1646
10.1629
10.161
10.1588
10.1563
10.1534
10.1503
10.1471
10.1434
10.1395
10.1354
10.1311
10.1266
10.1221
10.1174
10.1126
10.1078
10.103
10.0983
10.0937
10.0892
10.085
10.081
10.0774
10.0742
10.0714
10.0691
10.0675
10.0665
10.066
10.0663
10.0673
10.069
10.0713
10.0744
10.0781
10.0824
10.0871
10.0922
10.0975
10.1029
10.1082
10.1133
10.1179
10.122
10.1256
10.1286
10.1307
10.1314
10.1308
10.1291
10.1262
10.1222
10.1169
10.1104
10.1024
10.0927
10.0814
10.0681
10.0528
10.0351
10.0151
9.99232
9.96676
9.93819
9.90644
9.87136
9.83281
9.7907
9.74492
9.69541
9.64209
9.58514
9.5246
9.46056
9.39334
9.32298
9.24976
9.17408
9.09634
9.01705
8.9366
8.85545
8.77415
8.69302
8.61243
8.53292
8.45473
8.37831
8.30371
8.23109
8.16058
8.09234
8.02652
7.9631
7.90206
7.84342
7.78713
7.73311
7.68134
7.63173
7.58418
7.53858
7.49481
7.45277
7.41229
7.37321
7.33535
7.29857
7.26276
7.22791
7.19396
7.16076
7.12828
7.09658
7.06546
7.03485
7.00471
6.97509
6.946
6.91743
6.88937
6.86182
6.83486
6.80852
6.78292
6.75826
6.7348
6.713
6.69331
6.67675
6.66301
10.0975
10.1008
10.1042
10.1074
10.1105
10.1134
10.1161
10.1187
10.1211
10.1233
10.1254
10.1273
10.1291
10.1308
10.1324
10.1339
10.1354
10.1368
10.1382
10.1396
10.141
10.1424
10.1438
10.1452
10.1466
10.148
10.1494
10.1508
10.1522
10.1535
10.1549
10.1562
10.1574
10.1586
10.1597
10.1607
10.1617
10.1625
10.1633
10.1638
10.1642
10.1644
10.1644
10.1642
10.1638
10.1632
10.1625
10.1614
10.1601
10.1585
10.1567
10.1547
10.1523
10.1497
10.1468
10.1437
10.1405
10.1369
10.1331
10.1292
10.1251
10.1208
10.1165
10.1122
10.1078
10.1035
10.0992
10.0951
10.0911
10.0873
10.0838
10.0807
10.078
10.0757
10.0739
10.0728
10.0722
10.0722
10.073
10.0745
10.0768
10.0797
10.0834
10.0878
10.0929
10.0987
10.105
10.1118
10.1189
10.1263
10.1338
10.1413
10.1485
10.1555
10.1622
10.1684
10.1737
10.1777
10.1804
10.1815
10.181
10.1789
10.1749
10.169
10.1608
10.1503
10.1375
10.1221
10.1038
10.0828
10.0587
10.0315
10.001
9.96708
9.9296
9.88845
9.84355
9.7948
9.7423
9.68609
9.62632
9.56307
9.4965
9.42681
9.35426
9.27923
9.20212
9.12339
9.04331
8.96238
8.88104
8.79968
8.71876
8.63866
8.55979
8.48252
8.40712
8.33375
8.26258
8.1937
8.12719
8.06306
8.00126
7.94174
7.88445
7.82933
7.77631
7.72533
7.67632
7.62914
7.58371
7.53989
7.49757
7.45657
7.4168
7.3781
7.34037
7.30343
7.26719
7.23162
7.19662
7.16213
7.12818
7.09469
7.06157
7.02881
6.99638
6.96429
6.93256
6.90121
6.87026
6.83975
6.8097
6.78018
6.75139
6.72357
6.69722
6.6727
6.65167
6.63188
10.0929
10.096
10.0989
10.102
10.1049
10.1077
10.1104
10.1129
10.1153
10.1175
10.1196
10.1216
10.1234
10.1252
10.1269
10.1285
10.13
10.1316
10.133
10.1345
10.1359
10.1374
10.1388
10.1402
10.1416
10.143
10.1444
10.1458
10.1472
10.1485
10.1498
10.1511
10.1523
10.1534
10.1545
10.1555
10.1564
10.1571
10.1579
10.1584
10.1587
10.1589
10.1589
10.1588
10.1584
10.1578
10.1571
10.1561
10.1549
10.1534
10.1517
10.1497
10.1476
10.1452
10.1425
10.1396
10.1365
10.1333
10.1298
10.1261
10.1223
10.1184
10.1144
10.1104
10.1064
10.1024
10.0985
10.0948
10.0911
10.0877
10.0846
10.0818
10.0794
10.0773
10.0758
10.0749
10.0745
10.0747
10.0756
10.0772
10.0794
10.0824
10.0859
10.0902
10.0952
10.1008
10.107
10.1137
10.1208
10.1282
10.1358
10.1436
10.1514
10.1588
10.1661
10.1731
10.1794
10.1847
10.1889
10.1916
10.1927
10.192
10.1895
10.1847
10.1778
10.1684
10.1563
10.1414
10.1236
10.1027
10.0785
10.0509
10.0197
9.98498
9.94636
9.9039
9.85762
9.80755
9.75373
9.69628
9.63527
9.57087
9.50341
9.43312
9.36023
9.28518
9.20838
9.13016
9.05089
8.97099
8.8908
8.81073
8.73121
8.65263
8.5753
8.49959
8.42572
8.35385
8.28411
8.21664
8.15148
8.08859
8.02793
7.9694
7.91295
7.85852
7.80599
7.75529
7.7063
7.6589
7.61297
7.56837
7.52498
7.48268
7.44133
7.40086
7.36116
7.32212
7.28361
7.24555
7.20793
7.17065
7.13368
7.09701
7.06062
7.0245
6.9886
6.95293
6.91749
6.88228
6.84734
6.81266
6.77828
6.74424
6.71072
6.67787
6.64632
6.61619
6.59005
6.56316
10.0877
10.0906
10.0935
10.0963
10.099
10.1017
10.1042
10.1067
10.109
10.1112
10.1133
10.1153
10.1172
10.1191
10.1208
10.1225
10.1241
10.1257
10.1273
10.1288
10.1303
10.1317
10.1332
10.1346
10.1361
10.1375
10.1388
10.1402
10.1415
10.1428
10.1441
10.1453
10.1465
10.1476
10.1486
10.1495
10.1503
10.1512
10.1518
10.1522
10.1526
10.1527
10.1527
10.1526
10.1522
10.1517
10.151
10.15
10.1489
10.1475
10.1459
10.1441
10.1421
10.1398
10.1374
10.1347
10.1318
10.1287
10.1255
10.1221
10.1188
10.1152
10.1115
10.1079
10.1042
10.1006
10.0969
10.0935
10.0902
10.0871
10.0843
10.0818
10.0796
10.0778
10.0765
10.0757
10.0754
10.0755
10.0764
10.0778
10.0799
10.0826
10.0859
10.0897
10.0942
10.0994
10.105
10.111
10.1174
10.1241
10.1311
10.1381
10.1451
10.152
10.1586
10.1648
10.1705
10.1754
10.179
10.1815
10.1825
10.1818
10.1792
10.1745
10.1676
10.1584
10.1464
10.1316
10.1137
10.0925
10.0681
10.0402
10.0085
9.97314
9.93389
9.89099
9.84438
9.7941
9.74019
9.68275
9.62194
9.55805
9.49132
9.42202
9.35039
9.27676
9.20152
9.12504
9.04766
8.96976
8.89166
8.81373
8.73633
8.6598
8.58445
8.51057
8.43835
8.36795
8.29949
8.23304
8.16868
8.10635
8.046
7.98754
7.93092
7.87604
7.82284
7.77117
7.72093
7.67197
7.62416
7.57739
7.53153
7.48646
7.44211
7.39841
7.35528
7.31266
7.27046
7.22862
7.18709
7.14585
7.10482
7.06399
7.02339
6.98304
6.94291
6.90298
6.86323
6.82366
6.78427
6.74501
6.7059
6.66696
6.62829
6.59001
6.55282
6.51653
6.48498
6.45004
10.0824
10.0851
10.0878
10.0904
10.093
10.0955
10.0979
10.1003
10.1026
10.1048
10.1069
10.1089
10.1108
10.1127
10.1145
10.1162
10.1179
10.1195
10.1211
10.1227
10.1242
10.1257
10.1272
10.1286
10.13
10.1314
10.1328
10.1342
10.1355
10.1367
10.1379
10.1391
10.1402
10.1412
10.1422
10.1431
10.1438
10.1446
10.1452
10.1456
10.1459
10.146
10.146
10.1459
10.1455
10.145
10.1444
10.1435
10.1424
10.1412
10.1397
10.138
10.1361
10.1341
10.1318
10.1294
10.1268
10.124
10.121
10.118
10.1148
10.1116
10.1083
10.105
10.1016
10.0984
10.0951
10.092
10.0891
10.0863
10.0838
10.0814
10.0795
10.0779
10.0767
10.076
10.0757
10.0758
10.0765
10.0777
10.0795
10.0818
10.0847
10.0881
10.092
10.0965
10.1013
10.1065
10.1119
10.1177
10.1236
10.1295
10.1353
10.141
10.1464
10.1514
10.1558
10.1593
10.1618
10.1631
10.1629
10.1612
10.1577
10.1521
10.1443
10.134
10.1212
10.1054
10.0868
10.065
10.0399
10.0115
9.97946
9.94393
9.90491
9.86238
9.81624
9.76654
9.71342
9.65702
9.59753
9.53518
9.47014
9.40265
9.33303
9.26158
9.18861
9.11447
9.03948
8.96396
8.88822
8.81261
8.73741
8.66292
8.58941
8.5171
8.44616
8.37673
8.30891
8.24273
8.17822
8.11536
8.05408
7.9943
7.93596
7.87897
7.82326
7.76872
7.71523
7.66267
7.61092
7.55986
7.50942
7.45954
7.4102
7.36133
7.3129
7.2649
7.21727
7.16999
7.12305
7.07645
7.03014
6.98412
6.93841
6.89305
6.84801
6.80328
6.75881
6.71456
6.6705
6.62654
6.58266
6.53881
6.49505
6.45142
6.40866
6.36618
6.32929
6.28572
10.0771
10.0796
10.0821
10.0846
10.087
10.0894
10.0917
10.094
10.0962
10.0983
10.1004
10.1024
10.1043
10.1062
10.1081
10.1098
10.1115
10.1132
10.1149
10.1164
10.118
10.1195
10.121
10.1225
10.1239
10.1253
10.1266
10.1279
10.1292
10.1304
10.1316
10.1327
10.1338
10.1348
10.1357
10.1365
10.1373
10.1379
10.1385
10.1389
10.1391
10.1393
10.1393
10.1391
10.1388
10.1383
10.1377
10.137
10.136
10.1348
10.1335
10.1319
10.1302
10.1284
10.1263
10.1242
10.1218
10.1193
10.1167
10.114
10.1111
10.1082
10.1053
10.1023
10.0994
10.0965
10.0936
10.0908
10.0882
10.0857
10.0834
10.0814
10.0796
10.0782
10.0771
10.0764
10.0761
10.0761
10.0766
10.0776
10.0791
10.081
10.0834
10.0862
10.0894
10.0931
10.0971
10.1013
10.1058
10.1105
10.1152
10.1199
10.1245
10.1288
10.1327
10.1362
10.1391
10.1411
10.1421
10.1418
10.1402
10.137
10.132
10.125
10.1158
10.1043
10.0902
10.0736
10.054
10.0316
10.0061
9.97733
9.94532
9.91
9.87136
9.82931
9.78385
9.73507
9.6831
9.62814
9.57035
9.50987
9.44685
9.38149
9.31408
9.24489
9.17421
9.10236
9.02961
8.95625
8.88255
8.80878
8.73522
8.66211
8.58964
8.51799
8.44732
8.3777
8.3092
8.24185
8.17563
8.11052
8.04646
7.98337
7.92119
7.85987
7.79933
7.73949
7.68028
7.6216
7.5634
7.50563
7.44831
7.39142
7.33494
7.27891
7.22331
7.16818
7.11355
7.05944
7.00587
6.95288
6.90046
6.84862
6.79741
6.74685
6.69689
6.64749
6.59859
6.55006
6.5019
6.45396
6.40619
6.35842
6.3107
6.26291
6.21574
6.16827
6.12714
6.07579
10.0721
10.0745
10.0768
10.0791
10.0814
10.0837
10.0859
10.0881
10.0902
10.0923
10.0943
10.0963
10.0982
10.1001
10.1019
10.1037
10.1055
10.1072
10.1088
10.1104
10.112
10.1135
10.115
10.1165
10.1179
10.1193
10.1206
10.1219
10.1232
10.1244
10.1255
10.1266
10.1276
10.1285
10.1294
10.1303
10.131
10.1316
10.132
10.1324
10.1327
10.1328
10.1328
10.1327
10.1324
10.132
10.1315
10.1308
10.13
10.1289
10.1277
10.1264
10.1249
10.1232
10.1214
10.1195
10.1174
10.1152
10.113
10.1106
10.1081
10.1055
10.1029
10.1003
10.0978
10.0952
10.0927
10.0902
10.0878
10.0857
10.0837
10.0819
10.0804
10.0791
10.0781
10.0774
10.0769
10.0769
10.0773
10.078
10.0792
10.0807
10.0825
10.0848
10.0873
10.0901
10.0932
10.0965
10.1
10.1035
10.107
10.1105
10.1136
10.1165
10.1191
10.121
10.1223
10.1227
10.1221
10.1202
10.1171
10.1124
10.106
10.0977
10.0872
10.0746
10.0596
10.042
10.0219
9.99894
9.9731
9.94426
9.91231
9.87722
9.83894
9.79747
9.75288
9.7052
9.65459
9.60114
9.54498
9.48619
9.42493
9.36139
9.29581
9.22844
9.15952
9.08931
9.01805
8.94598
8.87332
8.80031
8.72713
8.65398
8.58101
8.50835
8.43608
8.36428
8.29299
8.22221
8.15193
8.08213
8.01276
7.94378
7.87517
7.8069
7.73894
7.67127
7.60385
7.53673
7.46994
7.40352
7.3375
7.27193
7.20689
7.14246
7.07873
7.01578
6.95367
6.8925
6.8323
6.77316
6.71506
6.65811
6.60229
6.54756
6.49389
6.44114
6.38927
6.33812
6.28774
6.23777
6.18822
6.13875
6.0894
6.03977
5.99055
5.94038
5.89716
5.83994
10.0679
10.0701
10.0723
10.0745
10.0766
10.0788
10.0809
10.083
10.0851
10.0871
10.0891
10.091
10.0929
10.0948
10.0966
10.0984
10.1002
10.1019
10.1035
10.1051
10.1067
10.1083
10.1098
10.1112
10.1126
10.114
10.1153
10.1166
10.1178
10.119
10.1201
10.1211
10.1221
10.123
10.124
10.1247
10.1254
10.126
10.1264
10.1268
10.1271
10.1273
10.1273
10.1272
10.127
10.1267
10.1262
10.1256
10.125
10.1241
10.123
10.1219
10.1206
10.1192
10.1176
10.1159
10.1141
10.1122
10.1102
10.1082
10.106
10.1038
10.1016
10.0994
10.0971
10.0949
10.0928
10.0907
10.0887
10.0868
10.0851
10.0835
10.0821
10.081
10.0801
10.0794
10.0789
10.0788
10.079
10.0795
10.0803
10.0813
10.0827
10.0843
10.0861
10.0882
10.0904
10.0927
10.0951
10.0975
10.0998
10.102
10.1038
10.1053
10.1064
10.1069
10.1066
10.1055
10.1034
10.1
10.0954
10.0893
10.0815
10.072
10.0605
10.0469
10.031
10.0128
9.99195
9.96853
9.94236
9.91337
9.88147
9.84659
9.80871
9.76781
9.72394
9.67713
9.62749
9.57507
9.51998
9.46225
9.40203
9.33948
9.27479
9.20815
9.13979
9.06987
8.99859
8.92611
8.85263
8.77829
8.70325
8.62764
8.55157
8.47513
8.39839
8.32141
8.24421
8.16684
8.08931
8.01163
7.93382
7.85591
7.77793
7.69995
7.622
7.54416
7.46655
7.38928
7.31245
7.23613
7.16048
7.08565
7.01181
6.93911
6.86765
6.79762
6.72907
6.66215
6.59687
6.53329
6.47143
6.41138
6.35304
6.2963
6.24124
6.18758
6.13548
6.08454
6.03479
5.98562
5.93725
5.8893
5.84147
5.7929
5.74456
5.69434
5.65136
5.59071
10.0651
10.0672
10.0693
10.0714
10.0735
10.0756
10.0776
10.0796
10.0816
10.0836
10.0855
10.0874
10.0893
10.0911
10.093
10.0947
10.0965
10.0981
10.0998
10.1014
10.103
10.1045
10.106
10.1075
10.1089
10.1102
10.1115
10.1128
10.114
10.1152
10.1162
10.1174
10.1183
10.1192
10.12
10.1208
10.1215
10.122
10.1225
10.1229
10.1232
10.1234
10.1235
10.1235
10.1234
10.1231
10.1227
10.1223
10.1217
10.121
10.1202
10.1192
10.1181
10.1169
10.1156
10.1142
10.1127
10.1111
10.1094
10.1077
10.1059
10.104
10.1022
10.1003
10.0984
10.0965
10.0946
10.0928
10.0911
10.0895
10.088
10.0866
10.0854
10.0844
10.0835
10.0828
10.0822
10.082
10.082
10.0821
10.0825
10.0832
10.084
10.085
10.0861
10.0874
10.0887
10.0901
10.0915
10.0929
10.094
10.0949
10.0954
10.0957
10.0953
10.0944
10.0926
10.09
10.0864
10.0817
10.0757
10.0682
10.0592
10.0484
10.0358
10.021
10.0041
9.985
9.96344
9.93934
9.91262
9.88314
9.85085
9.81568
9.77758
9.73654
9.69258
9.6457
9.59593
9.54336
9.48798
9.42981
9.36896
9.30555
9.2397
9.17154
9.10121
9.02883
8.95453
8.87842
8.80064
8.72131
8.64055
8.55846
8.47514
8.3907
8.30522
8.2188
8.13153
8.04351
7.95485
7.86564
7.77603
7.68618
7.5962
7.50627
7.41658
7.32727
7.23857
7.15063
7.06369
6.97791
6.8936
6.81094
6.73013
6.65131
6.57465
6.50034
6.42833
6.35898
6.29198
6.22745
6.16529
6.10549
6.04804
5.9929
5.94026
5.88971
5.84105
5.79423
5.74867
5.70432
5.66091
5.61813
5.57517
5.53154
5.4874
5.43959
5.39893
5.33745
10.0652
10.0673
10.0693
10.0713
10.0733
10.0753
10.0773
10.0793
10.0812
10.0832
10.0851
10.0869
10.0888
10.0906
10.0923
10.0941
10.0958
10.0975
10.0991
10.1007
10.1023
10.1038
10.1053
10.1067
10.1081
10.1095
10.1107
10.112
10.1133
10.1144
10.1155
10.1165
10.1175
10.1184
10.1192
10.1199
10.1206
10.1212
10.1217
10.1221
10.1224
10.1226
10.1228
10.1228
10.1227
10.1225
10.1223
10.1219
10.1214
10.1208
10.1201
10.1193
10.1184
10.1174
10.1163
10.115
10.1137
10.1123
10.1109
10.1093
10.1078
10.1061
10.1045
10.1028
10.1011
10.0994
10.0978
10.0962
10.0946
10.0931
10.0917
10.0904
10.0892
10.0882
10.0873
10.0864
10.0858
10.0853
10.085
10.0849
10.0849
10.0851
10.0854
10.0859
10.0864
10.087
10.0876
10.0882
10.0887
10.0892
10.0893
10.0891
10.0886
10.0876
10.0861
10.0839
10.081
10.0771
10.0721
10.0661
10.0588
10.0499
10.0396
10.0273
10.0134
9.99734
9.97916
9.95869
9.93583
9.91046
9.88244
9.85165
9.818
9.78141
9.74181
9.69918
9.65347
9.60468
9.55279
9.49781
9.4397
9.37848
9.31415
9.24679
9.17647
9.10327
9.02727
8.94857
8.86724
8.7834
8.69718
8.6087
8.51809
8.4255
8.33105
8.23493
8.13731
8.03836
7.93827
7.83729
7.73562
7.63348
7.53123
7.42899
7.32711
7.22584
7.12541
7.02611
6.92816
6.83182
6.73739
6.64531
6.55582
6.46886
6.38482
6.30376
6.2259
6.15116
6.07969
6.01141
5.94646
5.8847
5.82624
5.77096
5.71855
5.66913
5.62224
5.57791
5.5355
5.49515
5.45615
5.41871
5.3819
5.3454
5.30838
5.27049
5.23119
5.18673
5.14888
5.0868
10.067
10.069
10.071
10.073
10.0749
10.0769
10.0789
10.0808
10.0827
10.0846
10.0865
10.0883
10.0901
10.0919
10.0937
10.0954
10.0971
10.0987
10.1004
10.102
10.1035
10.105
10.1065
10.1079
10.1093
10.1107
10.112
10.1132
10.1144
10.1155
10.1165
10.1175
10.1185
10.1193
10.1201
10.1209
10.1215
10.1221
10.1226
10.123
10.1233
10.1235
10.1236
10.1237
10.1236
10.1234
10.1232
10.1228
10.1223
10.1217
10.121
10.1203
10.1194
10.1185
10.1174
10.1162
10.115
10.1136
10.1122
10.1107
10.1092
10.1076
10.106
10.1043
10.1027
10.101
10.0993
10.0977
10.0961
10.0945
10.0931
10.0916
10.0903
10.089
10.0879
10.0869
10.086
10.0853
10.0847
10.0842
10.0838
10.0835
10.0834
10.0833
10.0832
10.0832
10.0831
10.083
10.0827
10.0824
10.0816
10.0805
10.079
10.0769
10.0744
10.0709
10.0668
10.0616
10.0554
10.048
10.0392
10.0289
10.0169
10.0031
9.98746
9.96968
9.94965
9.92726
9.90236
9.87482
9.84449
9.81121
9.77486
9.73534
9.69256
9.64645
9.59694
9.54395
9.48748
9.42747
9.36386
9.29662
9.22575
9.1513
9.07334
8.99191
8.90711
8.81906
8.72784
8.63359
8.53651
8.43676
8.33456
8.2301
8.1236
8.01531
7.90554
7.79451
7.68258
7.57006
7.45722
7.3445
7.23222
7.1205
7.00992
6.90073
6.79304
6.68752
6.58412
6.48328
6.38546
6.2909
6.19976
6.11218
6.02844
5.94849
5.87266
5.80068
5.7329
5.66879
5.60867
5.5523
5.49972
5.45062
5.4047
5.36179
5.32121
5.2832
5.24729
5.21312
5.18045
5.14894
5.11763
5.0862
5.05403
5.0202
4.98461
4.94265
4.90679
4.84216
10.0699
10.0719
10.0738
10.0758
10.0778
10.0797
10.0816
10.0835
10.0854
10.0873
10.0891
10.0909
10.0927
10.0945
10.0962
10.0979
10.0996
10.1012
10.1028
10.1044
10.106
10.1075
10.1089
10.1103
10.1116
10.1129
10.1141
10.1153
10.1164
10.1175
10.1185
10.1194
10.1203
10.1211
10.1218
10.1224
10.123
10.1235
10.1239
10.1242
10.1244
10.1246
10.1246
10.1245
10.1244
10.1241
10.1237
10.1233
10.1227
10.122
10.1212
10.1203
10.1193
10.1182
10.117
10.1157
10.1143
10.1129
10.1113
10.1097
10.108
10.1062
10.1044
10.1026
10.1007
10.0988
10.0969
10.095
10.0931
10.0912
10.0894
10.0877
10.086
10.0844
10.0829
10.0815
10.0802
10.079
10.0778
10.0768
10.0758
10.075
10.0741
10.0733
10.0725
10.0716
10.0707
10.0696
10.0683
10.0669
10.0649
10.0626
10.0597
10.0563
10.0521
10.0472
10.0412
10.0343
10.0261
10.0167
10.0058
9.99321
9.97884
9.96251
9.94407
9.92336
9.90019
9.87443
9.8459
9.81448
9.77996
9.74218
9.70096
9.65621
9.60779
9.55562
9.49959
9.43965
9.37573
9.30782
9.23583
9.15977
9.07963
8.99549
8.90741
8.81554
8.71995
8.62083
8.51831
8.41263
8.30398
8.19267
8.07895
7.96307
7.8454
7.72622
7.60594
7.48483
7.3634
7.24196
7.12084
7.00073
6.88161
6.7638
6.64804
6.5343
6.42325
6.31525
6.21063
6.10977
6.01288
5.91986
5.83107
5.74686
5.66702
5.59166
5.52076
5.45431
5.39232
5.33457
5.28089
5.23121
5.18516
5.14238
5.10298
5.06648
5.03252
5.00088
4.97125
4.94323
4.9164
4.89041
4.86436
4.83765
4.80984
4.77959
4.7475
4.70681
4.6723
4.60288
10.0736
10.0755
10.0775
10.0794
10.0813
10.0832
10.0851
10.087
10.0889
10.0907
10.0925
10.0944
10.0961
10.0978
10.0995
10.1011
10.1027
10.1043
10.1058
10.1072
10.1087
10.11
10.1114
10.1126
10.1138
10.115
10.1161
10.1171
10.1181
10.119
10.1198
10.1206
10.1213
10.1219
10.1224
10.1228
10.1232
10.1235
10.1236
10.1237
10.1237
10.1235
10.1233
10.123
10.1225
10.1219
10.1213
10.1205
10.1196
10.1185
10.1174
10.1162
10.1148
10.1133
10.1117
10.11
10.1082
10.1063
10.1043
10.1022
10.1
10.0978
10.0955
10.0931
10.0907
10.0883
10.0858
10.0834
10.0809
10.0784
10.076
10.0736
10.0712
10.0688
10.0665
10.0643
10.0621
10.06
10.0579
10.0558
10.0538
10.0517
10.0496
10.0475
10.0453
10.043
10.0405
10.0378
10.0349
10.0315
10.0277
10.0233
10.0183
10.0125
10.0059
9.99832
9.98964
9.97974
9.96849
9.95574
9.94131
9.92498
9.90663
9.88605
9.86307
9.83752
9.8092
9.77797
9.74364
9.70606
9.66502
9.62034
9.57188
9.5195
9.4631
9.40258
9.33788
9.26894
9.19572
9.11823
9.03642
8.95034
8.86001
8.76554
8.66704
8.56468
8.45861
8.34904
8.23618
8.12032
8.00169
7.88068
7.75757
7.6327
7.50652
7.37934
7.2516
7.12367
6.99614
6.8692
6.74341
6.61914
6.49667
6.37672
6.25956
6.14542
6.03522
5.92873
5.82677
5.72935
5.6365
5.54841
5.46497
5.38639
5.31254
5.24359
5.17915
5.11929
5.06383
5.01263
4.96558
4.92247
4.88302
4.84685
4.81386
4.7837
4.75605
4.7305
4.70674
4.68439
4.66294
4.64194
4.62082
4.59854
4.57476
4.54738
4.51793
4.47775
4.44393
4.36713
10.0777
10.0796
10.0815
10.0834
10.0853
10.0871
10.0889
10.0907
10.0924
10.0941
10.0958
10.0974
10.099
10.1005
10.102
10.1035
10.1049
10.1062
10.1075
10.1087
10.1099
10.111
10.112
10.113
10.1139
10.1147
10.1155
10.1162
10.1168
10.1173
10.1178
10.1181
10.1184
10.1185
10.1186
10.1186
10.1184
10.1182
10.1179
10.1174
10.1168
10.1161
10.1153
10.1144
10.1133
10.1121
10.1108
10.1093
10.1077
10.106
10.1041
10.1021
10.1
10.0978
10.0954
10.0928
10.0902
10.0874
10.0845
10.0814
10.0783
10.075
10.0716
10.0682
10.0647
10.0611
10.0574
10.0537
10.0499
10.0461
10.0422
10.0383
10.0344
10.0304
10.0264
10.0224
10.0183
10.0143
10.0101
10.0059
10.0016
9.99729
9.99279
9.98815
9.98332
9.97826
9.97295
9.96729
9.96123
9.95467
9.94751
9.93967
9.93105
9.92154
9.91101
9.89931
9.8863
9.87181
9.85576
9.83797
9.81818
9.79624
9.77198
9.7452
9.71573
9.6834
9.64803
9.60948
9.56758
9.52219
9.47313
9.42026
9.36342
9.30252
9.23747
9.16821
9.09467
9.01685
8.93471
8.84829
8.75757
8.66264
8.56351
8.46034
8.35325
8.24247
8.12814
8.01057
7.88996
7.76668
7.641
7.51332
7.38395
7.25336
7.12201
6.99023
6.85845
6.72723
6.59692
6.46801
6.34113
6.21625
6.09421
5.97568
5.86067
5.74987
5.64341
5.54149
5.44433
5.35219
5.26509
5.18327
5.10637
5.03448
4.9675
4.90546
4.84813
4.79539
4.74707
4.70291
4.66272
4.62626
4.59329
4.56346
4.53657
4.51227
4.49029
4.47022
4.45163
4.4342
4.4174
4.40072
4.38366
4.36516
4.34476
4.31985
4.2923
4.25212
4.21847
4.13193
10.0815
10.0832
10.0848
10.0865
10.0881
10.0896
10.0911
10.0926
10.094
10.0953
10.0966
10.0978
10.099
10.1001
10.1011
10.102
10.1029
10.1037
10.1044
10.1051
10.1056
10.1061
10.1065
10.1068
10.107
10.1071
10.1072
10.1071
10.1069
10.1066
10.1062
10.1057
10.1051
10.1043
10.1034
10.1024
10.1013
10.1
10.0986
10.0971
10.0954
10.0935
10.0915
10.0894
10.087
10.0846
10.0819
10.0791
10.0761
10.0729
10.0696
10.0661
10.0624
10.0585
10.0544
10.0502
10.0458
10.0412
10.0365
10.0315
10.0264
10.021
10.0155
10.0098
10.0039
9.99783
9.9916
9.9852
9.97864
9.97192
9.96505
9.95805
9.9509
9.9436
9.93618
9.92861
9.9209
9.91304
9.90504
9.89687
9.88851
9.87996
9.87119
9.86218
9.8529
9.84334
9.83343
9.82314
9.81237
9.80106
9.78909
9.77636
9.76273
9.74809
9.73226
9.71509
9.69637
9.67599
9.65383
9.6297
9.6034
9.57476
9.54363
9.50986
9.47331
9.43381
9.39122
9.34543
9.29629
9.24371
9.18747
9.12749
9.06363
8.99579
8.92388
8.84784
8.76764
8.68322
8.5946
8.50179
8.40482
8.30373
8.19859
8.08953
7.97676
7.86049
7.74092
7.61837
7.4931
7.36553
7.23598
7.10479
6.9724
6.83934
6.70593
6.5727
6.44006
6.30867
6.17874
6.05101
5.926
5.80398
5.68545
5.57089
5.46054
5.35497
5.25413
5.15828
5.06747
4.98195
4.9017
4.82684
4.7572
4.69267
4.63306
4.57829
4.52817
4.48252
4.44113
4.40377
4.37015
4.33998
4.31303
4.289
4.26758
4.24849
4.23143
4.21605
4.20185
4.18851
4.17551
4.16234
4.14847
4.13294
4.11514
4.09219
4.06599
4.02517
3.99125
3.8925
10.082
10.083
10.0839
10.0848
10.0857
10.0864
10.0871
10.0876
10.0881
10.0885
10.0888
10.089
10.0891
10.089
10.0889
10.0887
10.0884
10.0879
10.0873
10.0867
10.0858
10.0849
10.0838
10.0827
10.0813
10.0799
10.0783
10.0765
10.0746
10.0726
10.0703
10.068
10.0654
10.0627
10.0598
10.0567
10.0534
10.05
10.0463
10.0425
10.0384
10.0341
10.0297
10.025
10.02
10.0148
10.0095
10.0038
9.99794
9.99183
9.98548
9.9789
9.97203
9.96489
9.95746
9.94975
9.9418
9.9336
9.92514
9.91641
9.90736
9.898
9.88832
9.87833
9.86801
9.85739
9.84646
9.83524
9.82374
9.81197
9.79993
9.78766
9.77518
9.76248
9.74959
9.73649
9.72323
9.70978
9.69617
9.68238
9.66842
9.65427
9.6399
9.6253
9.61048
9.59539
9.58003
9.56435
9.54827
9.53174
9.51462
9.49675
9.47796
9.45808
9.43694
9.41435
9.39015
9.36421
9.33646
9.30673
9.27482
9.24065
9.20408
9.16498
9.12324
9.07871
9.03125
8.98075
8.92708
8.87013
8.80966
8.74563
8.67786
8.6062
8.53057
8.45088
8.36706
8.27907
8.18693
8.09067
7.99035
7.88596
7.77762
7.66547
7.54985
7.43091
7.30898
7.18427
7.0572
6.92804
6.79728
6.66532
6.53267
6.39983
6.26706
6.13509
6.00439
5.8755
5.74884
5.62487
5.50412
5.38712
5.27415
5.16562
5.06167
4.96271
4.86887
4.78021
4.69679
4.61866
4.54583
4.47831
4.41603
4.35884
4.30649
4.25881
4.21559
4.17661
4.14166
4.1105
4.08278
4.05825
4.03662
4.01763
4.00092
3.98625
3.97328
3.96173
3.95103
3.94092
3.93085
3.92035
3.90879
3.89539
3.87936
3.85782
3.83237
3.79024
3.7557
3.64206
10.0679
10.0669
10.0659
10.0648
10.0636
10.0622
10.0607
10.059
10.0572
10.0552
10.0531
10.0508
10.0483
10.0457
10.0429
10.0399
10.0367
10.0333
10.0298
10.026
10.0221
10.0179
10.0136
10.009
10.0042
9.99918
9.99395
9.9885
9.98281
9.97689
9.97074
9.96434
9.95769
9.95079
9.94363
9.93622
9.92854
9.9206
9.91239
9.9039
9.89513
9.88607
9.87673
9.86709
9.85717
9.84694
9.83641
9.82558
9.81444
9.803
9.79124
9.77919
9.76686
9.75425
9.7413
9.72797
9.71428
9.70026
9.68593
9.67127
9.65627
9.64093
9.62523
9.60919
9.5928
9.57609
9.55908
9.5418
9.52426
9.50652
9.48859
9.47049
9.45226
9.43392
9.4155
9.39698
9.37841
9.35978
9.34113
9.32243
9.30369
9.28489
9.266
9.24701
9.22791
9.20866
9.18923
9.1696
9.14967
9.12936
9.10852
9.08695
9.06447
9.0409
9.01611
8.98991
8.96216
8.93278
8.90175
8.86893
8.83415
8.79735
8.75842
8.71722
8.67362
8.62742
8.57848
8.52669
8.4719
8.41401
8.35256
8.28766
8.21902
8.14645
8.06989
7.98915
7.9042
7.81501
7.72172
7.62437
7.52295
7.41754
7.30822
7.19524
7.07894
6.95956
6.83749
6.7129
6.58629
6.45784
6.32824
6.19789
6.06735
5.93706
5.80752
5.67919
5.55278
5.42865
5.30736
5.18924
5.07479
4.96446
4.85855
4.75727
4.66085
4.56947
4.48332
4.40239
4.32676
4.25629
4.19102
4.13086
4.07577
4.02557
3.98006
3.93894
3.90205
3.86911
3.83989
3.81413
3.79152
3.77177
3.75458
3.73973
3.72685
3.71568
3.70592
3.69727
3.68919
3.6814
3.67336
3.66468
3.65458
3.64244
3.62732
3.60653
3.58131
3.5371
3.50189
3.36982
9.99769
9.99174
9.98576
9.97977
9.97365
9.96731
9.9607
9.95383
9.94669
9.93926
9.93155
9.92354
9.91524
9.90667
9.8978
9.88866
9.87923
9.86953
9.85956
9.84931
9.8388
9.82801
9.81697
9.80567
9.79412
9.78231
9.77025
9.75795
9.74539
9.73258
9.71953
9.70622
9.69267
9.67887
9.66483
9.65053
9.636
9.62121
9.60618
9.5909
9.57537
9.5596
9.54357
9.52728
9.51076
9.494
9.47699
9.45973
9.44222
9.42447
9.40649
9.38821
9.36967
9.35096
9.33205
9.31291
9.2935
9.27382
9.25389
9.23373
9.21335
9.19274
9.17194
9.15096
9.1298
9.1085
9.0871
9.06563
9.04413
9.02262
9.00115
8.97973
8.95839
8.93715
8.91601
8.89495
8.87399
8.85314
8.83237
8.81168
8.79102
8.77037
8.74973
8.72902
8.70827
8.68739
8.66638
8.64513
8.62359
8.60161
8.57903
8.55561
8.53127
8.50586
8.47933
8.45155
8.42246
8.39204
8.36025
8.32712
8.2924
8.25597
8.21773
8.17748
8.13498
8.08997
8.04244
7.99214
7.9389
7.88248
7.8222
7.75839
7.69061
7.61887
7.54291
7.46259
7.37793
7.28906
7.19613
7.09923
6.99835
6.89369
6.78534
6.67356
6.55859
6.44079
6.32049
6.19803
6.07386
5.94831
5.82202
5.69539
5.56902
5.44337
5.31903
5.19641
5.07612
4.95855
4.84424
4.73349
4.6267
4.52423
4.42633
4.33314
4.24488
4.16162
4.08351
4.01053
3.9427
3.87985
3.82196
3.76886
3.72058
3.67685
3.63753
3.60228
3.57096
3.54323
3.51888
3.49762
3.47916
3.46321
3.44949
3.43776
3.42771
3.41903
3.41149
3.40478
3.39833
3.39196
3.38497
3.37721
3.36765
3.35587
3.34083
3.31991
3.29442
3.2474
3.21202
3.05579
9.73022
9.71669
9.70296
9.68884
9.67417
9.65893
9.64321
9.62706
9.6105
9.59358
9.57632
9.55879
9.54101
9.52301
9.50482
9.48647
9.46796
9.44933
9.43058
9.41172
9.39276
9.37371
9.35458
9.33538
9.31609
9.29674
9.2773
9.25779
9.23821
9.21855
9.19882
9.179
9.15909
9.1391
9.11903
9.09886
9.07859
9.05824
9.03778
9.01722
8.99656
8.97579
8.95491
8.93391
8.9128
8.89156
8.87022
8.84877
8.82719
8.80546
8.78367
8.76177
8.73968
8.71743
8.69508
8.67265
8.65012
8.62747
8.6047
8.58184
8.55892
8.53597
8.51304
8.49017
8.4674
8.44477
8.42231
8.40006
8.37805
8.3563
8.3348
8.31356
8.29255
8.27176
8.25115
8.23067
8.21031
8.19004
8.16985
8.14968
8.12951
8.10928
8.08899
8.06858
8.04798
8.02716
8.00614
7.98472
7.96281
7.94019
7.91681
7.89248
7.86728
7.8412
7.81439
7.78681
7.7585
7.72943
7.69957
7.66898
7.63715
7.60383
7.56885
7.53195
7.49269
7.45073
7.40633
7.35893
7.30816
7.25403
7.19561
7.1335
7.06731
6.99701
6.92245
6.84351
6.76038
6.67325
6.58206
6.487
6.38818
6.28578
6.18011
6.0712
5.95937
5.84489
5.72817
5.60953
5.48953
5.36849
5.24714
5.12581
5.00522
4.88576
4.76812
4.6526
4.53982
4.43004
4.32385
4.22142
4.12319
4.02931
3.94009
3.85551
3.77584
3.701
3.6311
3.56604
3.50588
3.45037
3.39949
3.35301
3.31092
3.27301
3.2391
3.20887
3.18216
3.15868
3.13815
3.12032
3.10487
3.09157
3.08008
3.07033
3.06186
3.05459
3.04798
3.04207
3.03603
3.03
3.02291
3.01494
3.00485
2.99239
2.97643
2.95449
2.92801
2.87758
2.84249
2.65285
8.54522
8.51832
8.49174
8.46573
8.44023
8.41529
8.39102
8.36742
8.34445
8.32206
8.30022
8.27886
8.25795
8.23744
8.2173
8.19747
8.17793
8.15863
8.13955
8.12066
8.10192
8.08331
8.06482
8.04642
8.02809
8.00982
7.99159
7.97338
7.95518
7.93698
7.91876
7.90052
7.88224
7.86393
7.84556
7.82713
7.80864
7.79008
7.77144
7.75273
7.73393
7.71504
7.69606
7.67699
7.65782
7.63857
7.61922
7.59978
7.58028
7.56074
7.54109
7.52144
7.50186
7.48229
7.46274
7.4433
7.42407
7.40507
7.38634
7.3679
7.34981
7.33208
7.31473
7.29774
7.28108
7.26468
7.24847
7.23236
7.21629
7.20018
7.18395
7.16758
7.15101
7.13425
7.11723
7.09994
7.08241
7.06465
7.04664
7.02834
7.00973
6.9908
6.97145
6.95169
6.93136
6.91051
6.88888
6.86668
6.84374
6.82078
6.79795
6.77568
6.75381
6.73265
6.71175
6.69109
6.6701
6.64851
6.62631
6.60204
6.57569
6.54698
6.51562
6.48128
6.44399
6.40371
6.35942
6.31141
6.25979
6.2042
6.14542
6.08307
6.0173
5.94776
5.87475
5.79869
5.71927
5.63633
5.54972
5.45968
5.36619
5.2697
5.17009
5.06796
4.96332
4.85684
4.7486
4.63934
4.52925
4.4191
4.30917
4.2002
4.09241
3.98655
3.88263
3.7814
3.68274
3.58754
3.49558
3.40772
3.32356
3.24391
3.16829
3.09721
3.03029
2.96781
2.90939
2.85525
2.80518
2.759
2.71677
2.67795
2.643
2.61104
2.58276
2.55688
2.53439
2.51367
2.49591
2.47934
2.46535
2.45205
2.44086
2.43011
2.42085
2.41171
2.40323
2.39442
2.38587
2.37619
2.36603
2.35379
2.34005
2.32284
2.30257
2.27517
2.24305
2.18328
2.1391
1.88629
2.28229
2.4581
2.62654
2.7489
2.85492
2.96035
3.06476
3.16777
3.27139
3.37727
3.48621
3.5988
3.71574
3.83792
3.96592
4.10017
4.24147
4.38998
4.54853
4.71233
4.89702
5.06689
5.31307
5.41601
5.87647
2.73148
2.85102
2.97368
3.07545
3.1741
3.27717
3.38222
3.48837
3.59696
3.70915
3.82562
3.94691
4.07372
4.20689
4.34716
4.49499
4.65159
4.81711
4.99458
5.18018
5.38821
5.58841
5.85977
6.02619
6.54251
2.92675
3.03057
3.1378
3.23262
3.32725
3.42661
3.52895
3.63369
3.74179
3.85415
3.97132
4.09383
4.22232
4.35759
4.50038
4.65122
4.8114
4.98102
5.16309
5.35425
5.56779
5.77626
6.05369
6.23105
6.74787
3.06723
3.16034
3.25793
3.34841
3.44
3.53612
3.63567
3.73834
3.84495
3.95616
4.07252
4.1945
4.32272
4.45793
4.60084
4.75207
4.91282
5.08321
5.26627
5.45865
5.67316
5.88387
6.162
6.34507
6.84887
3.18811
3.27302
3.36308
3.44989
3.53876
3.63199
3.72891
3.82942
3.9342
4.04383
4.15881
4.27962
4.40685
4.54122
4.68339
4.83405
4.99427
5.16423
5.34692
5.53901
5.75305
5.96391
6.24101
6.42664
6.91661
3.30036
3.3788
3.4626
3.5459
3.63213
3.72264
3.81703
3.91532
4.01812
4.12594
4.23928
4.3586
4.48446
4.61757
4.75856
4.90812
5.06726
5.23619
5.41783
5.60891
5.82183
6.03184
6.30705
6.4936
6.97065
3.4087
3.48189
3.56034
3.64026
3.72378
3.81162
3.9035
3.99955
4.10028
4.20616
4.31768
4.43529
4.55954
4.6911
4.83061
4.97872
5.13644
5.30397
5.48415
5.67379
5.88516
6.09377
6.36659
6.55299
7.01825
3.51549
3.58436
3.65819
3.73476
3.81552
3.90068
3.99007
4.08383
4.1824
4.28624
4.3958
4.51154
4.63398
4.7638
4.90161
5.04803
5.20406
5.3699
5.54835
5.73623
5.94576
6.15255
6.42274
6.60823
7.06273
3.62216
3.68731
3.75708
3.8304
3.90834
3.99083
4.07768
4.16909
4.26544
4.36713
4.47461
4.58834
4.70883
4.83674
4.97266
5.11717
5.27129
5.43522
5.61172
5.79759
6.00507
6.20976
6.47714
6.66116
7.10578
3.72953
3.79142
3.85754
3.92769
4.00279
4.08255
4.16684
4.25584
4.34988
4.44933
4.55465
4.66625
4.78466
4.91049
5.04435
5.1868
5.33885
5.50068
5.67503
5.85869
6.06393
6.26628
6.53072
6.71287
7.14837
3.83809
3.89701
3.9598
4.02689
4.09913
4.17615
4.25783
4.34436
4.436
4.53314
4.63618
4.74555
4.86175
4.98538
5.11706
5.2573
5.40711
5.56667
5.73872
5.92001
6.12283
6.32268
6.58404
6.76402
7.19105
3.94817
4.00429
4.06397
4.12808
4.19747
4.27172
4.35076
4.43474
4.52394
4.61868
4.71936
4.8264
4.94028
5.0616
5.19095
5.32884
5.47629
5.63344
5.80305
5.98184
6.18208
6.37929
6.63747
6.81507
7.23415
4.05987
4.11333
4.17007
4.23127
4.29782
4.36929
4.44563
4.52702
4.61369
4.70597
4.80421
4.90883
5.0203
5.13919
5.26611
5.40155
5.54652
5.70113
5.86818
6.04433
6.24189
6.43633
6.69123
6.86627
7.27786
4.17325
4.2241
4.27802
4.33638
4.4001
4.46878
4.5424
4.62115
4.70524
4.79498
4.89071
4.99282
5.10178
5.21818
5.34256
5.47543
5.6178
5.76978
5.93415
6.10757
6.30233
6.49394
6.74545
6.91783
7.32227
4.28826
4.33653
4.38771
4.44328
4.50419
4.57008
4.64096
4.71702
4.79849
4.88562
4.97878
5.07831
5.1847
5.29849
5.42026
5.55047
5.69015
5.83939
6.00099
6.1716
6.36347
6.55213
6.8002
6.96982
7.36742
4.40479
4.45051
4.49901
4.55183
4.60994
4.67304
4.74116
4.81451
4.8933
4.97778
5.06829
5.1652
5.26893
5.38005
5.49911
5.62659
5.76349
5.90992
6.06867
6.2364
6.42528
6.61095
6.85548
7.02231
7.41331
4.52272
4.56588
4.61173
4.66183
4.71716
4.77748
4.84283
4.91344
4.98952
5.07131
5.15913
5.25333
5.35435
5.46274
5.57903
5.7037
5.83775
5.9813
6.13713
6.30189
6.48771
6.67037
6.91128
7.07529
7.45987
4.64187
4.68243
4.72568
4.77309
4.82566
4.88319
4.94578
5.01363
5.08696
5.16602
5.25111
5.34257
5.44083
5.54642
5.65988
5.78168
5.91282
6.05343
6.20626
6.36801
6.5507
6.73029
6.96753
7.12871
7.50704
4.76205
4.79998
4.84063
4.88537
4.93519
4.98996
5.04978
5.11487
5.18544
5.26174
5.34407
5.43274
5.52819
5.63094
5.74151
5.86039
5.98857
6.12617
6.27595
6.43465
6.61415
6.79064
7.02415
7.18252
7.55471
4.88301
4.9183
4.95635
4.99844
5.04554
5.09755
5.1546
5.21693
5.28473
5.35825
5.43778
5.52364
5.61625
5.71611
5.82376
5.93966
6.06482
6.19938
6.34606
6.50165
6.67791
6.85129
7.08103
7.23661
7.60274
5.0045
5.03712
5.07257
5.11204
5.15642
5.20569
5.25998
5.31954
5.38458
5.45532
5.53203
5.61505
5.70478
5.80173
5.90641
6.01931
6.14141
6.27288
6.41641
6.56887
6.74184
6.9121
7.13801
7.29083
7.65099
5.12625
5.15616
5.18903
5.22587
5.26757
5.31411
5.36567
5.42248
5.48473
5.55268
5.62657
5.70673
5.79357
5.88758
5.98926
6.09912
6.21812
6.34647
6.48683
6.63612
6.80577
6.97289
7.19494
7.34503
7.6993
5.24792
5.27511
5.30538
5.33964
5.37867
5.42252
5.47136
5.52542
5.58492
5.65007
5.72115
5.79845
5.88237
5.97342
6.07209
6.17888
6.29476
6.41996
6.5571
6.70322
6.86949
7.03349
7.25164
7.39906
7.74748
5.36917
5.39362
5.42132
5.45301
5.48939
5.53057
5.57672
5.62807
5.68482
5.7472
5.81545
5.88988
5.97092
6.05898
6.15461
6.25832
6.37107
6.4931
6.62701
6.76993
6.93282
7.09368
7.30791
7.4527
7.79535
5.48961
5.51133
5.53646
5.5656
5.59938
5.63792
5.68141
5.73007
5.78411
5.84373
5.90918
5.98077
6.05889
6.14398
6.23658
6.33719
6.4468
6.56565
6.69631
6.83602
6.99549
7.15324
7.36351
7.50574
7.84269
5.6088
5.6278
5.65038
5.67701
5.70822
5.74417
5.78505
5.83106
5.88241
5.9393
6.00197
6.07073
6.14595
6.22808
6.31766
6.41519
6.52164
6.63731
6.76471
6.90122
7.05726
7.21191
7.41821
7.55796
7.88931
5.72622
5.74255
5.7626
5.78679
5.81548
5.84888
5.8872
5.93062
5.97934
6.03354
6.09347
6.15942
6.23177
6.31096
6.39751
6.49196
6.59528
6.70777
6.83192
6.96522
7.11782
7.26939
7.47173
7.60902
7.93484
5.85268
5.86614
5.88349
5.90504
5.93105
5.96175
5.99733
6.03798
6.08386
6.13518
6.19214
6.25506
6.32428
6.40027
6.48354
6.57463
6.67449
6.7835
6.90406
7.03383
7.1827
7.33087
7.52889
7.66314
7.98266
5.9855
5.99598
6.01049
6.02931
6.05255
6.08043
6.11317
6.15093
6.19385
6.24212
6.29598
6.35569
6.42162
6.49421
6.57398
6.66149
6.75769
6.86299
6.97975
7.10577
7.25063
7.39522
7.58869
7.7201
8.03356
6.11178
6.11948
6.13134
6.14761
6.16826
6.19351
6.22359
6.25863
6.29876
6.34415
6.39504
6.45168
6.51444
6.58375
6.66016
6.74422
6.83688
6.93858
7.05165
7.17405
7.31505
7.45618
7.64534
7.77406
8.08197
6.23
6.23518
6.24461
6.25857
6.27687
6.29972
6.32737
6.3599
6.39744
6.44014
6.48824
6.54198
6.60173
6.66793
6.74112
6.82189
6.91117
7.00946
7.11902
7.23796
7.37529
7.51314
7.69826
7.82442
8.12729
6.33845
6.34141
6.34873
6.36064
6.37687
6.39762
6.42311
6.4534
6.48857
6.52882
6.57434
6.62538
6.68234
6.74562
6.81582
6.8935
6.97964
7.07472
7.18101
7.29672
7.43066
7.56545
7.74686
7.87067
8.16906
6.43515
6.4363
6.44187
6.45208
6.46657
6.48554
6.50918
6.53753
6.57066
6.60871
6.65192
6.70054
6.75495
6.8156
6.88306
6.95794
7.0412
7.13339
7.23671
7.3495
7.48035
7.61239
7.7905
7.9122
8.20682
6.51793
6.5177
6.52197
6.53086
6.54401
6.56161
6.58379
6.61056
6.64198
6.67819
6.71941
6.76594
6.81814
6.8765
6.94156
7.01399
7.09475
7.18439
7.28512
7.39538
7.52355
7.65322
7.82848
7.94839
8.24
6.58436
6.58322
6.58667
6.59472
6.60701
6.6237
6.64488
6.67051
6.70062
6.73541
6.77507
6.81991
6.87032
6.92679
6.9899
7.06032
7.13902
7.22658
7.32519
7.43336
7.55935
7.68708
7.86006
7.97854
8.2681
6.63164
6.63016
6.6334
6.64113
6.65309
6.66943
6.69014
6.71515
6.74451
6.77838
6.81698
6.86063
6.90976
6.96486
7.02655
7.0955
7.17268
7.25873
7.35578
7.46243
7.5868
7.71314
7.88446
8.00193
8.29046
6.65667
6.65553
6.65931
6.66738
6.67962
6.69624
6.71712
6.74214
6.77133
6.80488
6.84302
6.88612
6.93458
6.98895
7.04987
7.118
7.19433
7.27951
7.37564
7.48143
7.60485
7.73042
7.90082
8.01775
8.30646
6.65567
6.65572
6.66094
6.67018
6.68354
6.70124
6.72308
6.74885
6.77859
6.81255
6.85095
6.89421
6.94277
6.99717
7.05807
7.12615
7.20239
7.28748
7.38349
7.48914
7.61239
7.73786
7.90816
8.02508
8.3153
6.62359
6.62608
6.63399
6.6455
6.66103
6.68087
6.70466
6.73211
6.76334
6.79859
6.83818
6.88252
6.93207
6.9874
7.04918
7.11809
7.19517
7.28103
7.3778
7.48419
7.60814
7.73431
7.9054
8.02285
8.31613
6.55457
6.56104
6.57331
6.58851
6.60753
6.6308
6.65777
6.6881
6.72197
6.75971
6.80164
6.84818
6.89986
6.95721
7.02095
7.09177
7.17069
7.25837
7.3569
7.46499
7.59063
7.71834
7.89125
8.00982
8.30777
6.4421
6.45453
6.47313
6.49378
6.51794
6.5462
6.57788
6.61253
6.65053
6.6922
6.73789
6.78805
6.8432
6.90389
6.97087
7.04482
7.1268
7.21742
7.31886
7.42972
7.5581
7.6883
7.86413
7.9844
8.28882
6.27979
6.30054
6.32785
6.35596
6.3872
6.42235
6.46056
6.50141
6.54529
6.59257
6.64363
6.69895
6.75909
6.82461
6.89626
6.97473
7.06109
7.15591
7.26149
7.37625
7.50856
7.64219
7.82211
7.94463
8.25736
6.0731
6.10417
6.14205
6.17921
6.2192
6.26315
6.30956
6.35817
6.40945
6.46377
6.52156
6.58336
6.64979
6.72138
6.79894
6.8831
6.97498
7.07508
7.1858
7.3054
7.44253
7.58035
7.76528
7.89064
8.21341
5.84127
5.8838
5.9332
5.98037
6.03006
6.08362
6.13897
6.19591
6.25518
6.31716
6.38238
6.45134
6.52469
6.60295
6.68699
6.77736
6.87525
6.98106
7.09731
7.22206
7.36433
7.50658
7.69675
7.82492
8.15815
5.59655
5.65135
5.71302
5.77051
5.83011
5.89318
5.95745
6.02284
6.09021
6.16
6.23274
6.30898
6.38938
6.47444
6.56501
6.66166
6.76557
6.87707
6.99878
7.12857
7.27581
7.42229
7.61749
7.74807
8.09159
5.34817
5.41596
5.49007
5.5573
5.62638
5.69861
5.7714
5.8449
5.92013
5.99744
6.07746
6.16073
6.2479
6.33946
6.43625
6.53881
6.64834
6.76511
6.89179
7.02615
7.17775
7.3279
7.5276
7.65997
8.01299
5.10239
5.18355
5.26941
5.3456
5.42348
5.50424
5.58497
5.66607
5.74862
5.83297
5.91974
6.00949
6.10287
6.20031
6.30264
6.41044
6.52479
6.64609
6.77685
6.91499
7.07006
7.22299
7.42635
7.55953
7.92068
4.86118
4.95595
5.05303
5.13745
5.22354
5.31226
5.4003
5.48839
5.57764
5.66837
5.76116
5.85664
5.95536
6.05781
6.16471
6.27675
6.39485
6.51963
6.65333
6.79416
6.95159
7.10606
7.31182
7.44438
7.8117
4.62399
4.73276
4.84092
4.93311
5.02701
5.12317
5.21794
5.31236
5.40756
5.50383
5.60173
5.70195
5.80492
5.91124
6.02145
6.1365
6.25707
6.38399
6.51931
6.66133
6.81965
6.97404
7.18048
7.31069
7.6815
4.38942
4.51292
4.63212
4.73173
4.83307
4.93618
5.03705
5.13704
5.23728
5.33807
5.43992
5.54362
5.64945
5.75824
5.87031
5.98685
6.10837
6.23575
6.37102
6.51239
6.66973
6.822
7.02711
7.15271
7.52343
4.15436
4.29428
4.42462
4.53143
4.63979
4.74926
4.85543
4.96002
5.0641
5.1681
5.27237
5.37804
5.48512
5.59466
5.70687
5.82301
5.94356
6.06937
6.20252
6.34098
6.49512
6.64268
6.84407
6.96221
7.32817
3.91438
4.07299
4.21504
4.32904
4.44388
4.55888
4.66919
4.777
4.88327
4.98878
5.09361
5.19928
5.30564
5.41379
5.52393
5.63743
5.75467
5.87641
6.00498
6.13768
6.28599
6.42559
6.62034
6.72759
7.08345
3.66326
3.84325
3.99833
4.11948
4.23987
4.35897
4.47162
4.58068
4.68696
4.79163
4.89467
4.9978
5.10086
5.20499
5.31046
5.41845
5.52954
5.64418
5.76518
5.88883
6.02804
6.15614
6.3407
6.43339
6.77375
3.39146
3.5965
3.76635
3.89393
4.01794
4.13866
4.25089
4.35822
4.46155
4.5622
4.66035
4.75773
4.85428
4.95114
5.04867
5.14775
5.24923
5.35327
5.46312
5.57427
5.70066
5.81378
5.98421
6.05888
6.37847
3.08195
3.31721
3.50287
3.63407
3.75777
3.87596
3.98362
4.0848
4.18112
4.27362
4.36294
4.45055
4.53665
4.62232
4.70795
4.79429
4.8823
4.97195
5.06681
5.1619
5.27169
5.3664
5.51878
5.5722
5.86547
2.69393
2.96588
3.16423
3.2917
3.40777
3.51665
3.61368
3.7029
3.78677
3.86595
3.94156
4.01487
4.08601
4.15601
4.22534
4.29485
4.3653
4.43663
4.51255
4.58788
4.67714
4.74986
4.87997
4.9085
5.16701
2.01012
2.33483
2.51898
2.61504
2.70263
2.78355
2.85311
2.91476
2.97122
3.02285
3.0708
3.11513
3.15651
3.19628
3.2352
3.27381
3.31252
3.35157
3.39383
3.43472
3.48716
3.52207
3.61178
3.59843
3.79939
)
;

boundaryField
{
    inlet
    {
        type            calculated;
        value           uniform 10;
    }
    outlet
    {
        type            calculated;
        value           nonuniform List<scalar> 
57
(
5.87647
6.54251
6.74787
6.84887
6.91661
6.97065
7.01825
7.06273
7.10578
7.14837
7.19105
7.23415
7.27786
7.32227
7.36742
7.41331
7.45987
7.50704
7.55471
7.60274
7.65099
7.6993
7.74748
7.79535
7.84269
7.88931
7.93484
7.98266
8.03356
8.08197
8.12729
8.16906
8.20682
8.24
8.2681
8.29046
8.30646
8.3153
8.31613
8.30777
8.28882
8.25736
8.21341
8.15815
8.09159
8.01299
7.92068
7.8117
7.6815
7.52343
7.32817
7.08345
6.77375
6.37847
5.86547
5.16701
3.79939
)
;
    }
    upperWall
    {
        type            calculated;
        value           uniform 0;
    }
    lowerWall
    {
        type            calculated;
        value           uniform 0;
    }
    frontAndBack
    {
        type            empty;
    }
}


// ************************************************************************* //
